-23.8500 29.8000 0.0000 0.3500 0.0000 0.0000
-23.8541 29.7502 0.0000 0.3600 0.0000 0.0000
-23.8583 29.7003 0.0000 0.3700 0.0000 0.0000
-23.8624 29.6505 0.0000 0.3800 0.0000 0.0000
-23.8665 29.6007 0.0000 0.3900 0.0000 0.0000
-23.8706 29.5509 0.0000 0.4000 0.0000 0.0000
-23.8748 29.5010 0.0000 0.4100 0.0000 0.0000
-23.8789 29.4512 0.0000 0.4200 0.0000 0.0000
-23.8830 29.4014 0.0000 0.4300 0.0000 0.0000
-23.8871 29.3515 0.0000 0.4400 0.0000 0.0000
-23.8913 29.3017 0.0000 0.4500 0.0000 0.0000
-23.8954 29.2519 0.0000 0.4600 0.0000 0.0000
-23.8995 29.2020 0.0000 0.4700 0.0000 0.0000
-23.9036 29.1522 0.0000 0.4800 0.0000 0.0000
-23.9078 29.1024 0.0000 0.4900 0.0000 0.0000
-23.9119 29.0526 0.0000 0.5000 0.0000 0.0000
-23.9160 29.0027 0.0000 0.5100 0.0000 0.0000
-23.9201 28.9529 0.0000 0.5200 0.0000 0.0000
-23.9243 28.9031 0.0000 0.5300 0.0000 0.0000
-23.9284 28.8532 0.0000 0.5400 0.0000 0.0000
-23.9325 28.8034 0.0000 0.5500 0.0000 0.0000
-23.9366 28.7536 0.0000 0.5600 0.0000 0.0000
-23.9408 28.7038 0.0000 0.5700 0.0000 0.0000
-23.9449 28.6539 0.0000 0.5800 0.0000 0.0000
-23.9490 28.6041 0.0000 0.5900 0.0000 0.0000
-23.9532 28.5543 0.0000 0.6000 0.0000 0.0000
-23.9573 28.5044 0.0000 0.6000 0.0000 0.0000
-23.9614 28.4546 0.0000 0.6000 0.0000 0.0000
-23.9655 28.4048 0.0000 0.6000 0.0000 0.0000
-23.9697 28.3549 0.0000 0.6000 0.0000 0.0000
-23.9738 28.3051 0.0000 0.6000 0.0000 0.0000
-23.9779 28.2553 0.0000 0.6000 0.0000 0.0000
-23.9820 28.2055 0.0000 0.6000 0.0000 0.0000
-23.9862 28.1556 0.0000 0.6000 0.0000 0.0000
-23.9903 28.1058 0.0000 0.6000 0.0000 0.0000
-23.9944 28.0560 0.0000 0.6000 0.0000 0.0000
-23.9985 28.0061 0.0000 0.6000 0.0000 0.0000
-24.0027 27.9563 0.0000 0.6000 0.0000 0.0000
-24.0068 27.9065 0.0000 0.6000 0.0000 0.0000
-24.0109 27.8567 0.0000 0.6000 0.0000 0.0000
-24.0150 27.8068 0.0000 0.6000 0.0000 0.0000
-24.0192 27.7570 0.0000 0.6000 0.0000 0.0000
-24.0233 27.7072 0.0000 0.6000 0.0000 0.0000
-24.0274 27.6573 0.0000 0.6000 0.0000 0.0000
-24.0315 27.6075 0.0000 0.6000 0.0000 0.0000
-24.0357 27.5577 0.0000 0.6000 0.0000 0.0000
-24.0398 27.5078 0.0000 0.6000 0.0000 0.0000
-24.0439 27.4580 0.0000 0.6000 0.0000 0.0000
-24.0480 27.4082 0.0000 0.6000 0.0000 0.0000
-24.0522 27.3584 0.0000 0.6000 0.0000 0.0000
-24.0563 27.3085 0.0000 0.6000 0.0000 0.0000
-24.0604 27.2587 0.0000 0.6000 0.0000 0.0000
-24.0646 27.2089 0.0000 0.6000 0.0000 0.0000
-24.0687 27.1590 0.0000 0.6000 0.0000 0.0000
-24.0728 27.1092 0.0000 0.6000 0.0000 0.0000
-24.0769 27.0594 0.0000 0.6000 0.0000 0.0000
-24.0811 27.0095 0.0000 0.6000 0.0000 0.0000
-24.0852 26.9597 0.0000 0.6000 0.0000 0.0000
-24.0893 26.9099 0.0000 0.6000 0.0000 0.0000
-24.0934 26.8601 0.0000 0.6000 0.0000 0.0000
-24.0976 26.8102 0.0000 0.6000 0.0000 0.0000
-24.1017 26.7604 0.0000 0.6000 0.0000 0.0000
-24.1058 26.7106 0.0000 0.6000 0.0000 0.0000
-24.1099 26.6607 0.0000 0.6000 0.0000 0.0000
-24.1141 26.6109 0.0000 0.6000 0.0000 0.0000
-24.1182 26.5611 0.0000 0.6000 0.0000 0.0000
-24.1223 26.5113 0.0000 0.6000 0.0000 0.0000
-24.1264 26.4614 0.0000 0.6000 0.0000 0.0000
-24.1306 26.4116 0.0000 0.6000 0.0000 0.0000
-24.1347 26.3618 0.0000 0.6000 0.0000 0.0000
-24.1388 26.3119 0.0000 0.6000 0.0000 0.0000
-24.1429 26.2621 0.0000 0.6000 0.0000 0.0000
-24.1471 26.2123 0.0000 0.6000 0.0000 0.0000
-24.1512 26.1624 0.0000 0.6000 0.0000 0.0000
-24.1553 26.1126 0.0000 0.6000 0.0000 0.0000
-24.1595 26.0628 0.0000 0.6000 0.0000 0.0000
-24.1636 26.0130 0.0000 0.6000 0.0000 0.0000
-24.1677 25.9631 0.0000 0.6000 0.0000 0.0000
-24.1718 25.9133 0.0000 0.6000 0.0000 0.0000
-24.1760 25.8635 0.0000 0.6000 0.0000 0.0000
-24.1801 25.8136 0.0000 0.6000 0.0000 0.0000
-24.1842 25.7638 0.0000 0.6000 0.0000 0.0000
-24.1883 25.7140 0.0000 0.6000 0.0000 0.0000
-24.1925 25.6642 0.0000 0.6000 0.0000 0.0000
-24.1966 25.6143 0.0000 0.6000 0.0000 0.0000
-24.2007 25.5645 0.0000 0.6000 0.0000 0.0000
-24.2048 25.5147 0.0000 0.6000 0.0000 0.0000
-24.2090 25.4648 0.0000 0.6000 0.0000 0.0000
-24.2131 25.4150 0.0000 0.6000 0.0000 0.0000
-24.2172 25.3652 0.0000 0.6000 0.0000 0.0000
-24.2213 25.3153 0.0000 0.6000 0.0000 0.0000
-24.2255 25.2655 0.0000 0.6000 0.0000 0.0000
-24.2296 25.2157 0.0000 0.6000 0.0000 0.0000
-24.2337 25.1659 0.0000 0.6000 0.0000 0.0000
-24.2378 25.1160 0.0000 0.6000 0.0000 0.0000
-24.2420 25.0662 0.0000 0.6000 0.0000 0.0000
-24.2461 25.0164 0.0000 0.6000 0.0000 0.0000
-24.2502 24.9665 0.0000 0.6000 0.0000 0.0000
-24.2543 24.9167 0.0000 0.6000 0.0000 0.0000
-24.2585 24.8669 0.0000 0.6000 0.0000 0.0000
-24.2626 24.8171 0.0000 0.6000 0.0000 0.0000
-24.2667 24.7672 0.0000 0.6000 0.0000 0.0000
-24.2709 24.7174 0.0000 0.6000 0.0000 0.0000
-24.2750 24.6676 0.0000 0.6000 0.0000 0.0000
-24.2791 24.6177 0.0000 0.6000 0.0000 0.0000
-24.2832 24.5679 0.0000 0.6000 0.0000 0.0000
-24.2874 24.5181 0.0000 0.6000 0.0000 0.0000
-24.2915 24.4682 0.0000 0.6000 0.0000 0.0000
-24.2956 24.4184 0.0000 0.6000 0.0000 0.0000
-24.2997 24.3686 0.0000 0.6000 0.0000 0.0000
-24.3039 24.3188 0.0000 0.6000 0.0000 0.0000
-24.3080 24.2689 0.0000 0.6000 0.0000 0.0000
-24.3121 24.2191 0.0000 0.6000 0.0000 0.0000
-24.3162 24.1693 0.0000 0.6000 0.0000 0.0000
-24.3204 24.1194 0.0000 0.6000 0.0000 0.0000
-24.3245 24.0696 0.0000 0.6000 0.0000 0.0000
-24.3286 24.0198 0.0000 0.6000 0.0000 0.0000
-24.3327 23.9700 0.0000 0.6000 0.0000 0.0000
-24.3369 23.9201 0.0000 0.6000 0.0000 0.0000
-24.3410 23.8703 0.0000 0.6000 0.0000 0.0000
-24.3451 23.8205 0.0000 0.6000 0.0000 0.0000
-24.3492 23.7706 0.0000 0.6000 0.0000 0.0000
-24.3534 23.7208 0.0000 0.6000 0.0000 0.0000
-24.3575 23.6710 0.0000 0.6000 0.0000 0.0000
-24.3616 23.6211 0.0000 0.6000 0.0000 0.0000
-24.3658 23.5713 0.0000 0.6000 0.0000 0.0000
-24.3699 23.5215 0.0000 0.6000 0.0000 0.0000
-24.3740 23.4717 0.0000 0.6000 0.0000 0.0000
-24.3781 23.4218 0.0000 0.6000 0.0000 0.0000
-24.3823 23.3720 0.0000 0.6000 0.0000 0.0000
-24.3864 23.3222 0.0000 0.6000 0.0000 0.0000
-24.3905 23.2723 0.0000 0.6000 0.0000 0.0000
-24.3946 23.2225 0.0000 0.6000 0.0000 0.0000
-24.3988 23.1727 0.0000 0.6000 0.0000 0.0000
-24.4029 23.1229 0.0000 0.6000 0.0000 0.0000
-24.4070 23.0730 0.0000 0.6000 0.0000 0.0000
-24.4111 23.0232 0.0000 0.6000 0.0000 0.0000
-24.4153 22.9734 0.0000 0.6000 0.0000 0.0000
-24.4194 22.9235 0.0000 0.6000 0.0000 0.0000
-24.4235 22.8737 0.0000 0.6000 0.0000 0.0000
-24.4276 22.8239 0.0000 0.6000 0.0000 0.0000
-24.4318 22.7740 0.0000 0.6000 0.0000 0.0000
-24.4359 22.7242 0.0000 0.6000 0.0000 0.0000
-24.4400 22.6744 0.0000 0.6000 0.0000 0.0000
-24.4441 22.6246 0.0000 0.6000 0.0000 0.0000
-24.4483 22.5747 0.0000 0.6000 0.0000 0.0000
-24.4524 22.5249 0.0000 0.6000 0.0000 0.0000
-24.4565 22.4751 0.0000 0.6000 0.0000 0.0000
-24.4606 22.4252 0.0000 0.6000 0.0000 0.0000
-24.4648 22.3754 0.0000 0.6000 0.0000 0.0000
-24.4689 22.3256 0.0000 0.6000 0.0000 0.0000
-24.4730 22.2758 0.0000 0.6000 0.0000 0.0000
-24.4772 22.2259 0.0000 0.6000 0.0000 0.0000
-24.4813 22.1761 0.0000 0.6000 0.0000 0.0000
-24.4854 22.1263 0.0000 0.6000 0.0000 0.0000
-24.4895 22.0764 0.0000 0.6000 0.0000 0.0000
-24.4937 22.0266 0.0000 0.6000 0.0000 0.0000
-24.4978 21.9768 0.0000 0.6000 0.0000 0.0000
