-23.9500 30.9500 0.0000 0.3500 0.0000 0.0000
-23.9999 30.9536 0.0000 0.3600 0.0000 0.0000
-24.0497 30.9571 0.0000 0.3700 0.0000 0.0000
-24.0996 30.9607 0.0000 0.3800 0.0000 0.0000
-24.1495 30.9642 0.0000 0.3900 0.0000 0.0000
-24.1994 30.9678 0.0000 0.4000 0.0000 0.0000
-24.2492 30.9714 0.0000 0.4100 0.0000 0.0000
-24.2991 30.9749 0.0000 0.4200 0.0000 0.0000
-24.3490 30.9785 0.0000 0.4300 0.0000 0.0000
-24.3989 30.9821 0.0000 0.4400 0.0000 0.0000
-24.4487 30.9856 0.0000 0.4500 0.0000 0.0000
-24.4986 30.9892 0.0000 0.4600 0.0000 0.0000
-24.5485 30.9927 0.0000 0.4700 0.0000 0.0000
-24.5983 30.9963 0.0000 0.4800 0.0000 0.0000
-24.6482 30.9999 0.0000 0.4900 0.0000 0.0000
-24.6981 31.0034 0.0000 0.5000 0.0000 0.0000
-24.7480 31.0070 0.0000 0.5100 0.0000 0.0000
-24.7978 31.0106 0.0000 0.5200 0.0000 0.0000
-24.8477 31.0141 0.0000 0.5300 0.0000 0.0000
-24.8976 31.0177 0.0000 0.5400 0.0000 0.0000
-24.9475 31.0212 0.0000 0.5500 0.0000 0.0000
-24.9973 31.0248 0.0000 0.5600 0.0000 0.0000
-25.0472 31.0284 0.0000 0.5700 0.0000 0.0000
-25.0971 31.0319 0.0000 0.5800 0.0000 0.0000
-25.1470 31.0355 0.0000 0.5900 0.0000 0.0000
-25.1968 31.0391 0.0000 0.6000 0.0000 0.0000
-25.2467 31.0426 0.0000 0.6000 0.0000 0.0000
-25.2966 31.0462 0.0000 0.6000 0.0000 0.0000
-25.3464 31.0497 0.0000 0.6000 0.0000 0.0000
-25.3500 31.0500 0.0000 0.6000 0.0000 0.0000
-25.3512 31.0000 0.0000 0.6000 0.0000 0.0000
-25.3525 30.9500 0.0000 0.6000 0.0000 0.0000
-25.3537 30.9000 0.0000 0.6000 0.0000 0.0000
-25.3550 30.8501 0.0000 0.6000 0.0000 0.0000
-25.3562 30.8001 0.0000 0.6000 0.0000 0.0000
-25.3575 30.7501 0.0000 0.6000 0.0000 0.0000
-25.3587 30.7001 0.0000 0.6000 0.0000 0.0000
-25.3600 30.6501 0.0000 0.6000 0.0000 0.0000
-25.3612 30.6001 0.0000 0.6000 0.0000 0.0000
-25.3625 30.5502 0.0000 0.6000 0.0000 0.0000
-25.3637 30.5002 0.0000 0.6000 0.0000 0.0000
-25.3650 30.4502 0.0000 0.6000 0.0000 0.0000
-25.3662 30.4002 0.0000 0.6000 0.0000 0.0000
-25.3675 30.3502 0.0000 0.6000 0.0000 0.0000
-25.3687 30.3002 0.0000 0.6000 0.0000 0.0000
-25.3700 30.2502 0.0000 0.6000 0.0000 0.0000
-25.3712 30.2003 0.0000 0.6000 0.0000 0.0000
-25.3725 30.1503 0.0000 0.6000 0.0000 0.0000
-25.3737 30.1003 0.0000 0.6000 0.0000 0.0000
-25.3750 30.0503 0.0000 0.6000 0.0000 0.0000
-25.3762 30.0003 0.0000 0.6000 0.0000 0.0000
-25.3775 29.9503 0.0000 0.6000 0.0000 0.0000
-25.3787 29.9004 0.0000 0.6000 0.0000 0.0000
-25.3800 29.8504 0.0000 0.6000 0.0000 0.0000
-25.3812 29.8004 0.0000 0.6000 0.0000 0.0000
-25.3825 29.7504 0.0000 0.6000 0.0000 0.0000
-25.3837 29.7004 0.0000 0.6000 0.0000 0.0000
-25.3850 29.6504 0.0000 0.6000 0.0000 0.0000
-25.3862 29.6005 0.0000 0.6000 0.0000 0.0000
-25.3875 29.5505 0.0000 0.6000 0.0000 0.0000
-25.3887 29.5005 0.0000 0.6000 0.0000 0.0000
-25.3900 29.4505 0.0000 0.6000 0.0000 0.0000
-25.3912 29.4005 0.0000 0.6000 0.0000 0.0000
-25.3925 29.3505 0.0000 0.6000 0.0000 0.0000
-25.3937 29.3005 0.0000 0.6000 0.0000 0.0000
-25.3950 29.2506 0.0000 0.6000 0.0000 0.0000
-25.3962 29.2006 0.0000 0.6000 0.0000 0.0000
-25.3975 29.1506 0.0000 0.6000 0.0000 0.0000
-25.3987 29.1006 0.0000 0.6000 0.0000 0.0000
-25.4000 29.0506 0.0000 0.6000 0.0000 0.0000
-25.4012 29.0006 0.0000 0.6000 0.0000 0.0000
-25.4025 28.9507 0.0000 0.6000 0.0000 0.0000
-25.4037 28.9007 0.0000 0.6000 0.0000 0.0000
-25.4050 28.8507 0.0000 0.6000 0.0000 0.0000
-25.4062 28.8007 0.0000 0.6000 0.0000 0.0000
-25.4075 28.7507 0.0000 0.6000 0.0000 0.0000
-25.4087 28.7007 0.0000 0.6000 0.0000 0.0000
-25.4100 28.6507 0.0000 0.6000 0.0000 0.0000
-25.4112 28.6008 0.0000 0.6000 0.0000 0.0000
-25.4125 28.5508 0.0000 0.6000 0.0000 0.0000
-25.4137 28.5008 0.0000 0.6000 0.0000 0.0000
-25.4150 28.4508 0.0000 0.6000 0.0000 0.0000
-25.4162 28.4008 0.0000 0.6000 0.0000 0.0000
-25.4175 28.3508 0.0000 0.6000 0.0000 0.0000
-25.4187 28.3009 0.0000 0.6000 0.0000 0.0000
-25.4200 28.2509 0.0000 0.6000 0.0000 0.0000
-25.4212 28.2009 0.0000 0.6000 0.0000 0.0000
-25.4225 28.1509 0.0000 0.6000 0.0000 0.0000
-25.4237 28.1009 0.0000 0.6000 0.0000 0.0000
-25.4250 28.0509 0.0000 0.6000 0.0000 0.0000
-25.4262 28.0010 0.0000 0.6000 0.0000 0.0000
-25.4275 27.9510 0.0000 0.6000 0.0000 0.0000
-25.4287 27.9010 0.0000 0.6000 0.0000 0.0000
-25.4300 27.8510 0.0000 0.6000 0.0000 0.0000
-25.4312 27.8010 0.0000 0.6000 0.0000 0.0000
-25.4325 27.7510 0.0000 0.6000 0.0000 0.0000
-25.4337 27.7010 0.0000 0.6000 0.0000 0.0000
-25.4350 27.6511 0.0000 0.6000 0.0000 0.0000
-25.4362 27.6011 0.0000 0.6000 0.0000 0.0000
-25.4375 27.5511 0.0000 0.6000 0.0000 0.0000
-25.4387 27.5011 0.0000 0.6000 0.0000 0.0000
-25.4400 27.4511 0.0000 0.6000 0.0000 0.0000
-25.4412 27.4011 0.0000 0.6000 0.0000 0.0000
-25.4425 27.3512 0.0000 0.6000 0.0000 0.0000
-25.4437 27.3012 0.0000 0.6000 0.0000 0.0000
-25.4450 27.2512 0.0000 0.6000 0.0000 0.0000
-25.4462 27.2012 0.0000 0.6000 0.0000 0.0000
-25.4475 27.1512 0.0000 0.6000 0.0000 0.0000
-25.4487 27.1012 0.0000 0.6000 0.0000 0.0000
-25.4500 27.0512 0.0000 0.6000 0.0000 0.0000
-25.4512 27.0013 0.0000 0.6000 0.0000 0.0000
-25.4525 26.9513 0.0000 0.6000 0.0000 0.0000
-25.4537 26.9013 0.0000 0.6000 0.0000 0.0000
-25.4550 26.8513 0.0000 0.6000 0.0000 0.0000
-25.4562 26.8013 0.0000 0.6000 0.0000 0.0000
-25.4575 26.7513 0.0000 0.6000 0.0000 0.0000
-25.4587 26.7014 0.0000 0.6000 0.0000 0.0000
-25.4600 26.6514 0.0000 0.6000 0.0000 0.0000
-25.4612 26.6014 0.0000 0.6000 0.0000 0.0000
-25.4625 26.5514 0.0000 0.6000 0.0000 0.0000
-25.4637 26.5014 0.0000 0.6000 0.0000 0.0000
-25.4650 26.4514 0.0000 0.6000 0.0000 0.0000
-25.4662 26.4015 0.0000 0.6000 0.0000 0.0000
-25.4675 26.3515 0.0000 0.6000 0.0000 0.0000
-25.4687 26.3015 0.0000 0.6000 0.0000 0.0000
-25.4700 26.2515 0.0000 0.6000 0.0000 0.0000
-25.4712 26.2015 0.0000 0.6000 0.0000 0.0000
-25.4725 26.1515 0.0000 0.6000 0.0000 0.0000
-25.4737 26.1015 0.0000 0.6000 0.0000 0.0000
-25.4750 26.0516 0.0000 0.6000 0.0000 0.0000
-25.4762 26.0016 0.0000 0.6000 0.0000 0.0000
-25.4775 25.9516 0.0000 0.6000 0.0000 0.0000
-25.4787 25.9016 0.0000 0.6000 0.0000 0.0000
-25.4800 25.8516 0.0000 0.6000 0.0000 0.0000
-25.4812 25.8016 0.0000 0.6000 0.0000 0.0000
-25.4825 25.7517 0.0000 0.6000 0.0000 0.0000
-25.4837 25.7017 0.0000 0.6000 0.0000 0.0000
-25.4850 25.6517 0.0000 0.6000 0.0000 0.0000
-25.4862 25.6017 0.0000 0.6000 0.0000 0.0000
-25.4875 25.5517 0.0000 0.6000 0.0000 0.0000
-25.4887 25.5017 0.0000 0.6000 0.0000 0.0000
-25.4900 25.4517 0.0000 0.6000 0.0000 0.0000
-25.4912 25.4018 0.0000 0.6000 0.0000 0.0000
-25.4925 25.3518 0.0000 0.6000 0.0000 0.0000
-25.4937 25.3018 0.0000 0.6000 0.0000 0.0000
-25.4950 25.2518 0.0000 0.6000 0.0000 0.0000
-25.4962 25.2018 0.0000 0.6000 0.0000 0.0000
-25.4975 25.1518 0.0000 0.6000 0.0000 0.0000
-25.4987 25.1019 0.0000 0.6000 0.0000 0.0000
-25.5000 25.0519 0.0000 0.6000 0.0000 0.0000
-25.5012 25.0019 0.0000 0.6000 0.0000 0.0000
-25.5025 24.9519 0.0000 0.6000 0.0000 0.0000
-25.5037 24.9019 0.0000 0.6000 0.0000 0.0000
-25.5050 24.8519 0.0000 0.6000 0.0000 0.0000
-25.5062 24.8020 0.0000 0.6000 0.0000 0.0000
-25.5075 24.7520 0.0000 0.6000 0.0000 0.0000
-25.5087 24.7020 0.0000 0.6000 0.0000 0.0000
-25.5100 24.6520 0.0000 0.6000 0.0000 0.0000
-25.5112 24.6020 0.0000 0.6000 0.0000 0.0000
-25.5124 24.5520 0.0000 0.6000 0.0000 0.0000
-25.5137 24.5020 0.0000 0.6000 0.0000 0.0000
-25.5149 24.4521 0.0000 0.6000 0.0000 0.0000
-25.5162 24.4021 0.0000 0.6000 0.0000 0.0000
-25.5174 24.3521 0.0000 0.6000 0.0000 0.0000
-25.5187 24.3021 0.0000 0.6000 0.0000 0.0000
-25.5199 24.2521 0.0000 0.6000 0.0000 0.0000
-25.5212 24.2021 0.0000 0.6000 0.0000 0.0000
-25.5224 24.1522 0.0000 0.6000 0.0000 0.0000
-25.5237 24.1022 0.0000 0.6000 0.0000 0.0000
-25.5249 24.0522 0.0000 0.6000 0.0000 0.0000
-25.5262 24.0022 0.0000 0.6000 0.0000 0.0000
-25.5274 23.9522 0.0000 0.6000 0.0000 0.0000
-25.5287 23.9022 0.0000 0.6000 0.0000 0.0000
-25.5299 23.8522 0.0000 0.6000 0.0000 0.0000
-25.5312 23.8023 0.0000 0.6000 0.0000 0.0000
-25.5324 23.7523 0.0000 0.6000 0.0000 0.0000
-25.5337 23.7023 0.0000 0.6000 0.0000 0.0000
-25.5349 23.6523 0.0000 0.6000 0.0000 0.0000
-25.5362 23.6023 0.0000 0.6000 0.0000 0.0000
-25.5374 23.5523 0.0000 0.6000 0.0000 0.0000
-25.5387 23.5024 0.0000 0.6000 0.0000 0.0000
-25.5399 23.4524 0.0000 0.6000 0.0000 0.0000
-25.5412 23.4024 0.0000 0.6000 0.0000 0.0000
-25.5424 23.3524 0.0000 0.6000 0.0000 0.0000
-25.5437 23.3024 0.0000 0.6000 0.0000 0.0000
-25.5449 23.2524 0.0000 0.6000 0.0000 0.0000
-25.5462 23.2025 0.0000 0.6000 0.0000 0.0000
-25.5474 23.1525 0.0000 0.6000 0.0000 0.0000
-25.5487 23.1025 0.0000 0.6000 0.0000 0.0000
-25.5499 23.0525 0.0000 0.6000 0.0000 0.0000
-25.5512 23.0025 0.0000 0.6000 0.0000 0.0000
-25.5524 22.9525 0.0000 0.6000 0.0000 0.0000
-25.5537 22.9025 0.0000 0.6000 0.0000 0.0000
-25.5549 22.8526 0.0000 0.6000 0.0000 0.0000
-25.5562 22.8026 0.0000 0.6000 0.0000 0.0000
-25.5574 22.7526 0.0000 0.6000 0.0000 0.0000
-25.5587 22.7026 0.0000 0.6000 0.0000 0.0000
-25.5599 22.6526 0.0000 0.6000 0.0000 0.0000
-25.5612 22.6026 0.0000 0.6000 0.0000 0.0000
-25.5624 22.5527 0.0000 0.6000 0.0000 0.0000
-25.5637 22.5027 0.0000 0.6000 0.0000 0.0000
-25.5649 22.4527 0.0000 0.6000 0.0000 0.0000
-25.5662 22.4027 0.0000 0.6000 0.0000 0.0000
-25.5674 22.3527 0.0000 0.6000 0.0000 0.0000
-25.5687 22.3027 0.0000 0.6000 0.0000 0.0000
-25.5699 22.2527 0.0000 0.6000 0.0000 0.0000
-25.5712 22.2028 0.0000 0.6000 0.0000 0.0000
-25.5724 22.1528 0.0000 0.6000 0.0000 0.0000
-25.5737 22.1028 0.0000 0.6000 0.0000 0.0000
-25.5749 22.0528 0.0000 0.6000 0.0000 0.0000
-25.5762 22.0028 0.0000 0.6000 0.0000 0.0000
-25.5774 21.9528 0.0000 0.6000 0.0000 0.0000
-25.5787 21.9029 0.0000 0.6000 0.0000 0.0000
-25.5799 21.8529 0.0000 0.6000 0.0000 0.0000
-25.5812 21.8029 0.0000 0.6000 0.0000 0.0000
-25.5824 21.7529 0.0000 0.6000 0.0000 0.0000
-25.5837 21.7029 0.0000 0.6000 0.0000 0.0000
-25.5849 21.6529 0.0000 0.6000 0.0000 0.0000
-25.5862 21.6030 0.0000 0.6000 0.0000 0.0000
-25.5874 21.5530 0.0000 0.6000 0.0000 0.0000
-25.5887 21.5030 0.0000 0.6000 0.0000 0.0000
-25.5899 21.4530 0.0000 0.6000 0.0000 0.0000
-25.5912 21.4030 0.0000 0.6000 0.0000 0.0000
-25.5924 21.3530 0.0000 0.6000 0.0000 0.0000
-25.5937 21.3030 0.0000 0.6000 0.0000 0.0000
-25.5949 21.2531 0.0000 0.6000 0.0000 0.0000
-25.5962 21.2031 0.0000 0.6000 0.0000 0.0000
-25.5974 21.1531 0.0000 0.6000 0.0000 0.0000
-25.5987 21.1031 0.0000 0.6000 0.0000 0.0000
-25.5999 21.0531 0.0000 0.6000 0.0000 0.0000
-25.6000 21.0500 0.0000 0.6000 0.0000 0.0000
-25.5789 21.0047 0.0000 0.6000 0.0000 0.0000
-25.5577 20.9594 0.0000 0.6000 0.0000 0.0000
-25.5366 20.9141 0.0000 0.6000 0.0000 0.0000
-25.5154 20.8688 0.0000 0.6000 0.0000 0.0000
-25.4943 20.8235 0.0000 0.6000 0.0000 0.0000
-25.4731 20.7781 0.0000 0.6000 0.0000 0.0000
-25.4520 20.7328 0.0000 0.6000 0.0000 0.0000
-25.4308 20.6875 0.0000 0.6000 0.0000 0.0000
-25.4097 20.6422 0.0000 0.6000 0.0000 0.0000
-25.3886 20.5969 0.0000 0.6000 0.0000 0.0000
-25.3674 20.5516 0.0000 0.6000 0.0000 0.0000
-25.3463 20.5063 0.0000 0.6000 0.0000 0.0000
-25.3251 20.4610 0.0000 0.6000 0.0000 0.0000
-25.3040 20.4157 0.0000 0.6000 0.0000 0.0000
-25.2828 20.3704 0.0000 0.6000 0.0000 0.0000
-25.2617 20.3251 0.0000 0.6000 0.0000 0.0000
-25.2405 20.2797 0.0000 0.6000 0.0000 0.0000
-25.2194 20.2344 0.0000 0.6000 0.0000 0.0000
-25.1983 20.1891 0.0000 0.6000 0.0000 0.0000
-25.1771 20.1438 0.0000 0.6000 0.0000 0.0000
-25.1560 20.0985 0.0000 0.6000 0.0000 0.0000
-25.1348 20.0532 0.0000 0.6000 0.0000 0.0000
-25.1137 20.0079 0.0000 0.6000 0.0000 0.0000
-25.0925 19.9626 0.0000 0.6000 0.0000 0.0000
-25.0714 19.9173 0.0000 0.6000 0.0000 0.0000
-25.0502 19.8720 0.0000 0.6000 0.0000 0.0000
-25.0291 19.8267 0.0000 0.6000 0.0000 0.0000
-25.0080 19.7813 0.0000 0.6000 0.0000 0.0000
-24.9868 19.7360 0.0000 0.6000 0.0000 0.0000
-24.9657 19.6907 0.0000 0.6000 0.0000 0.0000
-24.9445 19.6454 0.0000 0.6000 0.0000 0.0000
-24.9234 19.6001 0.0000 0.6000 0.0000 0.0000
-24.9022 19.5548 0.0000 0.6000 0.0000 0.0000
-24.9000 19.5500 0.0000 0.6000 0.0000 0.0000
-24.8598 19.5203 0.0000 0.6000 0.0000 0.0000
-24.8196 19.4906 0.0000 0.6000 0.0000 0.0000
-24.7794 19.4608 0.0000 0.6000 0.0000 0.0000
-24.7392 19.4311 0.0000 0.6000 0.0000 0.0000
-24.6990 19.4014 0.0000 0.6000 0.0000 0.0000
-24.6587 19.3717 0.0000 0.6000 0.0000 0.0000
-24.6185 19.3420 0.0000 0.6000 0.0000 0.0000
-24.5783 19.3122 0.0000 0.6000 0.0000 0.0000
-24.5381 19.2825 0.0000 0.6000 0.0000 0.0000
-24.4979 19.2528 0.0000 0.6000 0.0000 0.0000
-24.4577 19.2231 0.0000 0.6000 0.0000 0.0000
-24.4175 19.1934 0.0000 0.6000 0.0000 0.0000
-24.3773 19.1636 0.0000 0.6000 0.0000 0.0000
-24.3371 19.1339 0.0000 0.6000 0.0000 0.0000
-24.2969 19.1042 0.0000 0.6000 0.0000 0.0000
-24.2567 19.0745 0.0000 0.6000 0.0000 0.0000
-24.2165 19.0448 0.0000 0.6000 0.0000 0.0000
-24.1762 19.0150 0.0000 0.6000 0.0000 0.0000
-24.1360 18.9853 0.0000 0.6000 0.0000 0.0000
-24.0958 18.9556 0.0000 0.6000 0.0000 0.0000
-24.0556 18.9259 0.0000 0.6000 0.0000 0.0000
-24.0154 18.8962 0.0000 0.6000 0.0000 0.0000
-23.9752 18.8665 0.0000 0.6000 0.0000 0.0000
-23.9350 18.8367 0.0000 0.6000 0.0000 0.0000
-23.8948 18.8070 0.0000 0.6000 0.0000 0.0000
-23.8546 18.7773 0.0000 0.6000 0.0000 0.0000
-23.8144 18.7476 0.0000 0.6000 0.0000 0.0000
-23.7742 18.7179 0.0000 0.6000 0.0000 0.0000
-23.7500 18.7000 0.0000 0.6000 0.0000 0.0000
-23.7005 18.6927 0.0000 0.6000 0.0000 0.0000
-23.6511 18.6855 0.0000 0.6000 0.0000 0.0000
-23.6016 18.6782 0.0000 0.6000 0.0000 0.0000
-23.5521 18.6709 0.0000 0.6000 0.0000 0.0000
-23.5027 18.6636 0.0000 0.6000 0.0000 0.0000
-23.4532 18.6564 0.0000 0.6000 0.0000 0.0000
-23.4037 18.6491 0.0000 0.6000 0.0000 0.0000
-23.3543 18.6418 0.0000 0.6000 0.0000 0.0000
-23.3048 18.6345 0.0000 0.6000 0.0000 0.0000
-23.2553 18.6273 0.0000 0.6000 0.0000 0.0000
-23.2059 18.6200 0.0000 0.6000 0.0000 0.0000
-23.1564 18.6127 0.0000 0.6000 0.0000 0.0000
-23.1069 18.6054 0.0000 0.6000 0.0000 0.0000
-23.0574 18.5982 0.0000 0.6000 0.0000 0.0000
-23.0080 18.5909 0.0000 0.6000 0.0000 0.0000
-22.9585 18.5836 0.0000 0.6000 0.0000 0.0000
-22.9090 18.5763 0.0000 0.6000 0.0000 0.0000
-22.8596 18.5691 0.0000 0.6000 0.0000 0.0000
-22.8101 18.5618 0.0000 0.6000 0.0000 0.0000
-22.7606 18.5545 0.0000 0.6000 0.0000 0.0000
-22.7112 18.5472 0.0000 0.6000 0.0000 0.0000
-22.6617 18.5400 0.0000 0.6000 0.0000 0.0000
-22.6122 18.5327 0.0000 0.6000 0.0000 0.0000
-22.5628 18.5254 0.0000 0.6000 0.0000 0.0000
-22.5133 18.5181 0.0000 0.6000 0.0000 0.0000
-22.4638 18.5109 0.0000 0.6000 0.0000 0.0000
-22.4144 18.5036 0.0000 0.6000 0.0000 0.0000
-22.3649 18.4963 0.0000 0.6000 0.0000 0.0000
-22.3154 18.4890 0.0000 0.6000 0.0000 0.0000
-22.2660 18.4818 0.0000 0.6000 0.0000 0.0000
-22.2165 18.4745 0.0000 0.6000 0.0000 0.0000
-22.1670 18.4672 0.0000 0.6000 0.0000 0.0000
-22.1176 18.4599 0.0000 0.6000 0.0000 0.0000
-22.0681 18.4527 0.0000 0.6000 0.0000 0.0000
-22.0500 18.4500 0.0000 0.6000 0.0000 0.0000
-22.0000 18.4504 0.0000 0.6000 0.0000 0.0000
-21.9500 18.4507 0.0000 0.6000 0.0000 0.0000
-21.9000 18.4511 0.0000 0.6000 0.0000 0.0000
-21.8500 18.4515 0.0000 0.6000 0.0000 0.0000
-21.8000 18.4518 0.0000 0.6000 0.0000 0.0000
-21.7500 18.4522 0.0000 0.6000 0.0000 0.0000
-21.7000 18.4526 0.0000 0.6000 0.0000 0.0000
-21.6500 18.4529 0.0000 0.6000 0.0000 0.0000
-21.6000 18.4533 0.0000 0.6000 0.0000 0.0000
-21.5500 18.4537 0.0000 0.6000 0.0000 0.0000
-21.5000 18.4540 0.0000 0.6000 0.0000 0.0000
-21.4500 18.4544 0.0000 0.6000 0.0000 0.0000
-21.4000 18.4548 0.0000 0.6000 0.0000 0.0000
-21.3500 18.4551 0.0000 0.6000 0.0000 0.0000
-21.3000 18.4555 0.0000 0.6000 0.0000 0.0000
-21.2500 18.4559 0.0000 0.6000 0.0000 0.0000
-21.2000 18.4562 0.0000 0.6000 0.0000 0.0000
-21.1500 18.4566 0.0000 0.6000 0.0000 0.0000
-21.1000 18.4570 0.0000 0.6000 0.0000 0.0000
-21.0500 18.4574 0.0000 0.6000 0.0000 0.0000
-21.0000 18.4577 0.0000 0.6000 0.0000 0.0000
-20.9500 18.4581 0.0000 0.6000 0.0000 0.0000
-20.9000 18.4585 0.0000 0.6000 0.0000 0.0000
-20.8500 18.4588 0.0000 0.6000 0.0000 0.0000
-20.8000 18.4592 0.0000 0.6000 0.0000 0.0000
-20.7500 18.4596 0.0000 0.6000 0.0000 0.0000
-20.7000 18.4599 0.0000 0.6000 0.0000 0.0000
-20.6500 18.4603 0.0000 0.6000 0.0000 0.0000
-20.6000 18.4607 0.0000 0.6000 0.0000 0.0000
-20.5500 18.4610 0.0000 0.6000 0.0000 0.0000
-20.5000 18.4614 0.0000 0.6000 0.0000 0.0000
-20.4500 18.4618 0.0000 0.6000 0.0000 0.0000
-20.4000 18.4621 0.0000 0.6000 0.0000 0.0000
-20.3500 18.4625 0.0000 0.6000 0.0000 0.0000
-20.3000 18.4629 0.0000 0.6000 0.0000 0.0000
-20.2500 18.4632 0.0000 0.6000 0.0000 0.0000
-20.2001 18.4636 0.0000 0.6000 0.0000 0.0000
-20.1501 18.4640 0.0000 0.6000 0.0000 0.0000
-20.1001 18.4643 0.0000 0.6000 0.0000 0.0000
-20.0501 18.4647 0.0000 0.6000 0.0000 0.0000
-20.0001 18.4651 0.0000 0.6000 0.0000 0.0000
-19.9501 18.4654 0.0000 0.6000 0.0000 0.0000
-19.9001 18.4658 0.0000 0.6000 0.0000 0.0000
-19.8501 18.4662 0.0000 0.6000 0.0000 0.0000
-19.8001 18.4665 0.0000 0.6000 0.0000 0.0000
-19.7501 18.4669 0.0000 0.6000 0.0000 0.0000
-19.7001 18.4673 0.0000 0.6000 0.0000 0.0000
-19.6501 18.4676 0.0000 0.6000 0.0000 0.0000
-19.6001 18.4680 0.0000 0.6000 0.0000 0.0000
-19.5501 18.4684 0.0000 0.6000 0.0000 0.0000
-19.5001 18.4687 0.0000 0.6000 0.0000 0.0000
-19.4501 18.4691 0.0000 0.6000 0.0000 0.0000
-19.4001 18.4695 0.0000 0.6000 0.0000 0.0000
-19.3501 18.4699 0.0000 0.6000 0.0000 0.0000
-19.3001 18.4702 0.0000 0.6000 0.0000 0.0000
-19.2501 18.4706 0.0000 0.6000 0.0000 0.0000
-19.2001 18.4710 0.0000 0.6000 0.0000 0.0000
-19.1501 18.4713 0.0000 0.6000 0.0000 0.0000
-19.1001 18.4717 0.0000 0.6000 0.0000 0.0000
-19.0501 18.4721 0.0000 0.6000 0.0000 0.0000
-19.0001 18.4724 0.0000 0.6000 0.0000 0.0000
-18.9501 18.4728 0.0000 0.6000 0.0000 0.0000
-18.9001 18.4732 0.0000 0.6000 0.0000 0.0000
-18.8501 18.4735 0.0000 0.6000 0.0000 0.0000
-18.8001 18.4739 0.0000 0.6000 0.0000 0.0000
-18.7501 18.4743 0.0000 0.6000 0.0000 0.0000
-18.7001 18.4746 0.0000 0.6000 0.0000 0.0000
-18.6501 18.4750 0.0000 0.6000 0.0000 0.0000
-18.6001 18.4754 0.0000 0.6000 0.0000 0.0000
-18.5501 18.4757 0.0000 0.6000 0.0000 0.0000
-18.5001 18.4761 0.0000 0.6000 0.0000 0.0000
-18.4501 18.4765 0.0000 0.6000 0.0000 0.0000
-18.4001 18.4768 0.0000 0.6000 0.0000 0.0000
-18.3501 18.4772 0.0000 0.6000 0.0000 0.0000
-18.3001 18.4776 0.0000 0.6000 0.0000 0.0000
-18.2501 18.4779 0.0000 0.6000 0.0000 0.0000
-18.2001 18.4783 0.0000 0.6000 0.0000 0.0000
-18.1501 18.4787 0.0000 0.6000 0.0000 0.0000
-18.1001 18.4790 0.0000 0.6000 0.0000 0.0000
-18.0501 18.4794 0.0000 0.6000 0.0000 0.0000
-18.0001 18.4798 0.0000 0.6000 0.0000 0.0000
-17.9501 18.4801 0.0000 0.6000 0.0000 0.0000
-17.9001 18.4805 0.0000 0.6000 0.0000 0.0000
-17.8501 18.4809 0.0000 0.6000 0.0000 0.0000
-17.8001 18.4812 0.0000 0.6000 0.0000 0.0000
-17.7501 18.4816 0.0000 0.6000 0.0000 0.0000
-17.7001 18.4820 0.0000 0.6000 0.0000 0.0000
-17.6501 18.4824 0.0000 0.6000 0.0000 0.0000
-17.6001 18.4827 0.0000 0.6000 0.0000 0.0000
-17.5501 18.4831 0.0000 0.6000 0.0000 0.0000
-17.5001 18.4835 0.0000 0.6000 0.0000 0.0000
-17.4501 18.4838 0.0000 0.6000 0.0000 0.0000
-17.4001 18.4842 0.0000 0.6000 0.0000 0.0000
-17.3501 18.4846 0.0000 0.6000 0.0000 0.0000
-17.3001 18.4849 0.0000 0.6000 0.0000 0.0000
-17.2501 18.4853 0.0000 0.6000 0.0000 0.0000
-17.2001 18.4857 0.0000 0.6000 0.0000 0.0000
-17.1501 18.4860 0.0000 0.6000 0.0000 0.0000
-17.1001 18.4864 0.0000 0.6000 0.0000 0.0000
-17.0501 18.4868 0.0000 0.6000 0.0000 0.0000
-17.0001 18.4871 0.0000 0.6000 0.0000 0.0000
-16.9501 18.4875 0.0000 0.6000 0.0000 0.0000
-16.9001 18.4879 0.0000 0.6000 0.0000 0.0000
-16.8501 18.4882 0.0000 0.6000 0.0000 0.0000
-16.8001 18.4886 0.0000 0.6000 0.0000 0.0000
-16.7501 18.4890 0.0000 0.6000 0.0000 0.0000
-16.7001 18.4893 0.0000 0.6000 0.0000 0.0000
-16.6501 18.4897 0.0000 0.6000 0.0000 0.0000
-16.6001 18.4901 0.0000 0.6000 0.0000 0.0000
-16.5501 18.4904 0.0000 0.6000 0.0000 0.0000
-16.5002 18.4908 0.0000 0.6000 0.0000 0.0000
-16.4502 18.4912 0.0000 0.6000 0.0000 0.0000
-16.4002 18.4915 0.0000 0.6000 0.0000 0.0000
-16.3502 18.4919 0.0000 0.6000 0.0000 0.0000
-16.3002 18.4923 0.0000 0.6000 0.0000 0.0000
-16.2502 18.4926 0.0000 0.6000 0.0000 0.0000
-16.2002 18.4930 0.0000 0.6000 0.0000 0.0000
-16.1502 18.4934 0.0000 0.6000 0.0000 0.0000
-16.1002 18.4937 0.0000 0.6000 0.0000 0.0000
-16.0502 18.4941 0.0000 0.6000 0.0000 0.0000
-16.0002 18.4945 0.0000 0.6000 0.0000 0.0000
-15.9502 18.4949 0.0000 0.6000 0.0000 0.0000
-15.9002 18.4952 0.0000 0.6000 0.0000 0.0000
-15.8502 18.4956 0.0000 0.6000 0.0000 0.0000
-15.8002 18.4960 0.0000 0.6000 0.0000 0.0000
-15.7502 18.4963 0.0000 0.6000 0.0000 0.0000
-15.7002 18.4967 0.0000 0.6000 0.0000 0.0000
-15.6502 18.4971 0.0000 0.6000 0.0000 0.0000
-15.6002 18.4974 0.0000 0.6000 0.0000 0.0000
-15.5502 18.4978 0.0000 0.6000 0.0000 0.0000
-15.5002 18.4982 0.0000 0.6000 0.0000 0.0000
-15.4502 18.4985 0.0000 0.6000 0.0000 0.0000
-15.4002 18.4989 0.0000 0.6000 0.0000 0.0000
-15.3502 18.4993 0.0000 0.6000 0.0000 0.0000
-15.3002 18.4996 0.0000 0.6000 0.0000 0.0000
-15.2502 18.5000 0.0000 0.6000 0.0000 0.0000
-15.2500 18.5000 0.0000 0.6000 0.0000 0.0000
-15.2536 18.4501 0.0000 0.6000 0.0000 0.0000
-15.2572 18.4003 0.0000 0.6000 0.0000 0.0000
-15.2608 18.3504 0.0000 0.6000 0.0000 0.0000
-15.2645 18.3005 0.0000 0.6000 0.0000 0.0000
-15.2681 18.2507 0.0000 0.6000 0.0000 0.0000
-15.2717 18.2008 0.0000 0.6000 0.0000 0.0000
-15.2753 18.1509 0.0000 0.6000 0.0000 0.0000
-15.2789 18.1010 0.0000 0.6000 0.0000 0.0000
-15.2825 18.0512 0.0000 0.6000 0.0000 0.0000
-15.2861 18.0013 0.0000 0.6000 0.0000 0.0000
-15.2898 17.9514 0.0000 0.6000 0.0000 0.0000
-15.2934 17.9016 0.0000 0.6000 0.0000 0.0000
-15.2970 17.8517 0.0000 0.6000 0.0000 0.0000
-15.3006 17.8018 0.0000 0.6000 0.0000 0.0000
-15.3042 17.7520 0.0000 0.6000 0.0000 0.0000
-15.3078 17.7021 0.0000 0.6000 0.0000 0.0000
-15.3114 17.6522 0.0000 0.6000 0.0000 0.0000
-15.3150 17.6024 0.0000 0.6000 0.0000 0.0000
-15.3187 17.5525 0.0000 0.6000 0.0000 0.0000
-15.3223 17.5026 0.0000 0.6000 0.0000 0.0000
-15.3259 17.4527 0.0000 0.6000 0.0000 0.0000
-15.3295 17.4029 0.0000 0.6000 0.0000 0.0000
-15.3331 17.3530 0.0000 0.6000 0.0000 0.0000
-15.3367 17.3031 0.0000 0.6000 0.0000 0.0000
-15.3403 17.2533 0.0000 0.6000 0.0000 0.0000
-15.3440 17.2034 0.0000 0.6000 0.0000 0.0000
-15.3476 17.1535 0.0000 0.6000 0.0000 0.0000
-15.3512 17.1037 0.0000 0.6000 0.0000 0.0000
-15.3548 17.0538 0.0000 0.6000 0.0000 0.0000
-15.3584 17.0039 0.0000 0.6000 0.0000 0.0000
-15.3620 16.9541 0.0000 0.6000 0.0000 0.0000
-15.3656 16.9042 0.0000 0.6000 0.0000 0.0000
-15.3693 16.8543 0.0000 0.6000 0.0000 0.0000
-15.3729 16.8044 0.0000 0.6000 0.0000 0.0000
-15.3765 16.7546 0.0000 0.6000 0.0000 0.0000
-15.3801 16.7047 0.0000 0.6000 0.0000 0.0000
-15.3837 16.6548 0.0000 0.6000 0.0000 0.0000
-15.3873 16.6050 0.0000 0.6000 0.0000 0.0000
-15.3909 16.5551 0.0000 0.6000 0.0000 0.0000
-15.3945 16.5052 0.0000 0.6000 0.0000 0.0000
-15.3982 16.4554 0.0000 0.6000 0.0000 0.0000
-15.4018 16.4055 0.0000 0.6000 0.0000 0.0000
-15.4054 16.3556 0.0000 0.6000 0.0000 0.0000
-15.4090 16.3058 0.0000 0.6000 0.0000 0.0000
-15.4126 16.2559 0.0000 0.5900 0.0000 0.0000
-15.4162 16.2060 0.0000 0.5800 0.0000 0.0000
-15.4198 16.1561 0.0000 0.5700 0.0000 0.0000
-15.4235 16.1063 0.0000 0.5600 0.0000 0.0000
-15.4271 16.0564 0.0000 0.5500 0.0000 0.0000
-15.4307 16.0065 0.0000 0.5400 0.0000 0.0000
-15.4343 15.9567 0.0000 0.5300 0.0000 0.0000
-15.4379 15.9068 0.0000 0.5200 0.0000 0.0000
-15.4415 15.8569 0.0000 0.5100 0.0000 0.0000
-15.4451 15.8071 0.0000 0.5000 0.0000 0.0000
-15.4488 15.7572 0.0000 0.4900 0.0000 0.0000
-15.4524 15.7073 0.0000 0.4800 0.0000 0.0000
-15.4560 15.6575 0.0000 0.4700 0.0000 0.0000
-15.4596 15.6076 0.0000 0.4600 0.0000 0.0000
-15.4632 15.5577 0.0000 0.4500 0.0000 0.0000
-15.4668 15.5078 0.0000 0.4400 0.0000 0.0000
-15.4704 15.4580 0.0000 0.4300 0.0000 0.0000
-15.4741 15.4081 0.0000 0.4200 0.0000 0.0000
-15.4777 15.3582 0.0000 0.4100 0.0000 0.0000
-15.4813 15.3084 0.0000 0.4000 0.0000 0.0000
-15.4849 15.2585 0.0000 0.3900 0.0000 0.0000
-15.4885 15.2086 0.0000 0.3800 0.0000 0.0000
-15.4921 15.1588 0.0000 0.3700 0.0000 0.0000
-15.4957 15.1089 0.0000 0.3600 0.0000 0.0000
-15.4993 15.0590 0.0000 0.3500 0.0000 0.0000
-15.5000 15.0500 0.0000 0.3500 0.0000 0.0000
