-25.6000 21.0500 0.0000 0.3500 0.0000 0.0000
-25.5918 21.0993 0.0000 0.3600 0.0000 0.0000
-25.5836 21.1486 0.0000 0.3700 0.0000 0.0000
-25.5753 21.1980 0.0000 0.3800 0.0000 0.0000
-25.5671 21.2473 0.0000 0.3900 0.0000 0.0000
-25.5589 21.2966 0.0000 0.4000 0.0000 0.0000
-25.5507 21.3459 0.0000 0.4100 0.0000 0.0000
-25.5425 21.3952 0.0000 0.4200 0.0000 0.0000
-25.5342 21.4446 0.0000 0.4300 0.0000 0.0000
-25.5260 21.4939 0.0000 0.4400 0.0000 0.0000
-25.5178 21.5432 0.0000 0.4500 0.0000 0.0000
-25.5096 21.5925 0.0000 0.4600 0.0000 0.0000
-25.5014 21.6418 0.0000 0.4700 0.0000 0.0000
-25.4931 21.6912 0.0000 0.4800 0.0000 0.0000
-25.4849 21.7405 0.0000 0.4900 0.0000 0.0000
-25.4767 21.7898 0.0000 0.5000 0.0000 0.0000
-25.4685 21.8391 0.0000 0.5100 0.0000 0.0000
-25.4603 21.8884 0.0000 0.5200 0.0000 0.0000
-25.4520 21.9378 0.0000 0.5300 0.0000 0.0000
-25.4438 21.9871 0.0000 0.5400 0.0000 0.0000
-25.4356 22.0364 0.0000 0.5500 0.0000 0.0000
-25.4274 22.0857 0.0000 0.5600 0.0000 0.0000
-25.4192 22.1350 0.0000 0.5700 0.0000 0.0000
-25.4109 22.1844 0.0000 0.5800 0.0000 0.0000
-25.4027 22.2337 0.0000 0.5900 0.0000 0.0000
-25.3945 22.2830 0.0000 0.6000 0.0000 0.0000
-25.3863 22.3323 0.0000 0.6000 0.0000 0.0000
-25.3781 22.3816 0.0000 0.6000 0.0000 0.0000
-25.3698 22.4310 0.0000 0.6000 0.0000 0.0000
-25.3616 22.4803 0.0000 0.6000 0.0000 0.0000
-25.3534 22.5296 0.0000 0.6000 0.0000 0.0000
-25.3452 22.5789 0.0000 0.6000 0.0000 0.0000
-25.3370 22.6282 0.0000 0.6000 0.0000 0.0000
-25.3287 22.6775 0.0000 0.6000 0.0000 0.0000
-25.3205 22.7269 0.0000 0.6000 0.0000 0.0000
-25.3123 22.7762 0.0000 0.6000 0.0000 0.0000
-25.3041 22.8255 0.0000 0.6000 0.0000 0.0000
-25.2959 22.8748 0.0000 0.6000 0.0000 0.0000
-25.2876 22.9241 0.0000 0.6000 0.0000 0.0000
-25.2794 22.9735 0.0000 0.6000 0.0000 0.0000
-25.2712 23.0228 0.0000 0.6000 0.0000 0.0000
-25.2630 23.0721 0.0000 0.6000 0.0000 0.0000
-25.2548 23.1214 0.0000 0.6000 0.0000 0.0000
-25.2465 23.1707 0.0000 0.6000 0.0000 0.0000
-25.2383 23.2201 0.0000 0.6000 0.0000 0.0000
-25.2301 23.2694 0.0000 0.6000 0.0000 0.0000
-25.2219 23.3187 0.0000 0.6000 0.0000 0.0000
-25.2137 23.3680 0.0000 0.6000 0.0000 0.0000
-25.2054 23.4173 0.0000 0.6000 0.0000 0.0000
-25.1972 23.4667 0.0000 0.6000 0.0000 0.0000
-25.1890 23.5160 0.0000 0.6000 0.0000 0.0000
-25.1808 23.5653 0.0000 0.6000 0.0000 0.0000
-25.1726 23.6146 0.0000 0.6000 0.0000 0.0000
-25.1643 23.6639 0.0000 0.6000 0.0000 0.0000
-25.1561 23.7133 0.0000 0.6000 0.0000 0.0000
-25.1479 23.7626 0.0000 0.6000 0.0000 0.0000
-25.1397 23.8119 0.0000 0.6000 0.0000 0.0000
-25.1315 23.8612 0.0000 0.6000 0.0000 0.0000
-25.1232 23.9105 0.0000 0.6000 0.0000 0.0000
-25.1150 23.9599 0.0000 0.6000 0.0000 0.0000
-25.1068 24.0092 0.0000 0.6000 0.0000 0.0000
-25.0986 24.0585 0.0000 0.6000 0.0000 0.0000
-25.0904 24.1078 0.0000 0.6000 0.0000 0.0000
-25.0821 24.1571 0.0000 0.6000 0.0000 0.0000
-25.0739 24.2065 0.0000 0.6000 0.0000 0.0000
-25.0657 24.2558 0.0000 0.6000 0.0000 0.0000
-25.0575 24.3051 0.0000 0.6000 0.0000 0.0000
-25.0493 24.3544 0.0000 0.6000 0.0000 0.0000
-25.0410 24.4037 0.0000 0.6000 0.0000 0.0000
-25.0328 24.4531 0.0000 0.6000 0.0000 0.0000
-25.0246 24.5024 0.0000 0.6000 0.0000 0.0000
-25.0164 24.5517 0.0000 0.6000 0.0000 0.0000
-25.0082 24.6010 0.0000 0.6000 0.0000 0.0000
-24.9999 24.6503 0.0000 0.6000 0.0000 0.0000
-24.9917 24.6997 0.0000 0.6000 0.0000 0.0000
-24.9835 24.7490 0.0000 0.6000 0.0000 0.0000
-24.9753 24.7983 0.0000 0.6000 0.0000 0.0000
-24.9671 24.8476 0.0000 0.6000 0.0000 0.0000
-24.9588 24.8969 0.0000 0.6000 0.0000 0.0000
-24.9506 24.9463 0.0000 0.6000 0.0000 0.0000
-24.9424 24.9956 0.0000 0.6000 0.0000 0.0000
-24.9342 25.0449 0.0000 0.6000 0.0000 0.0000
-24.9260 25.0942 0.0000 0.6000 0.0000 0.0000
-24.9177 25.1435 0.0000 0.6000 0.0000 0.0000
-24.9095 25.1929 0.0000 0.6000 0.0000 0.0000
-24.9013 25.2422 0.0000 0.6000 0.0000 0.0000
-24.8931 25.2915 0.0000 0.6000 0.0000 0.0000
-24.8849 25.3408 0.0000 0.6000 0.0000 0.0000
-24.8766 25.3901 0.0000 0.6000 0.0000 0.0000
-24.8684 25.4395 0.0000 0.6000 0.0000 0.0000
-24.8602 25.4888 0.0000 0.6000 0.0000 0.0000
-24.8520 25.5381 0.0000 0.6000 0.0000 0.0000
-24.8438 25.5874 0.0000 0.6000 0.0000 0.0000
-24.8355 25.6367 0.0000 0.6000 0.0000 0.0000
-24.8273 25.6861 0.0000 0.6000 0.0000 0.0000
-24.8191 25.7354 0.0000 0.6000 0.0000 0.0000
-24.8109 25.7847 0.0000 0.6000 0.0000 0.0000
-24.8027 25.8340 0.0000 0.6000 0.0000 0.0000
-24.7944 25.8833 0.0000 0.6000 0.0000 0.0000
-24.7862 25.9326 0.0000 0.6000 0.0000 0.0000
-24.7780 25.9820 0.0000 0.6000 0.0000 0.0000
-24.7698 26.0313 0.0000 0.6000 0.0000 0.0000
-24.7616 26.0806 0.0000 0.6000 0.0000 0.0000
-24.7533 26.1299 0.0000 0.6000 0.0000 0.0000
-24.7451 26.1792 0.0000 0.6000 0.0000 0.0000
-24.7369 26.2286 0.0000 0.6000 0.0000 0.0000
-24.7287 26.2779 0.0000 0.6000 0.0000 0.0000
-24.7205 26.3272 0.0000 0.6000 0.0000 0.0000
-24.7122 26.3765 0.0000 0.6000 0.0000 0.0000
-24.7040 26.4258 0.0000 0.6000 0.0000 0.0000
-24.6958 26.4752 0.0000 0.6000 0.0000 0.0000
-24.6876 26.5245 0.0000 0.6000 0.0000 0.0000
-24.6794 26.5738 0.0000 0.6000 0.0000 0.0000
-24.6711 26.6231 0.0000 0.6000 0.0000 0.0000
-24.6629 26.6724 0.0000 0.6000 0.0000 0.0000
-24.6547 26.7218 0.0000 0.6000 0.0000 0.0000
-24.6465 26.7711 0.0000 0.6000 0.0000 0.0000
-24.6383 26.8204 0.0000 0.6000 0.0000 0.0000
-24.6300 26.8697 0.0000 0.6000 0.0000 0.0000
-24.6218 26.9190 0.0000 0.6000 0.0000 0.0000
-24.6136 26.9684 0.0000 0.6000 0.0000 0.0000
-24.6054 27.0177 0.0000 0.6000 0.0000 0.0000
-24.5972 27.0670 0.0000 0.6000 0.0000 0.0000
-24.5889 27.1163 0.0000 0.6000 0.0000 0.0000
-24.5807 27.1656 0.0000 0.6000 0.0000 0.0000
-24.5725 27.2150 0.0000 0.6000 0.0000 0.0000
-24.5643 27.2643 0.0000 0.6000 0.0000 0.0000
-24.5561 27.3136 0.0000 0.6000 0.0000 0.0000
-24.5478 27.3629 0.0000 0.6000 0.0000 0.0000
-24.5396 27.4122 0.0000 0.6000 0.0000 0.0000
-24.5314 27.4616 0.0000 0.6000 0.0000 0.0000
-24.5232 27.5109 0.0000 0.6000 0.0000 0.0000
-24.5150 27.5602 0.0000 0.6000 0.0000 0.0000
-24.5067 27.6095 0.0000 0.6000 0.0000 0.0000
-24.4985 27.6588 0.0000 0.6000 0.0000 0.0000
-24.4903 27.7082 0.0000 0.6000 0.0000 0.0000
-24.4821 27.7575 0.0000 0.6000 0.0000 0.0000
-24.4739 27.8068 0.0000 0.6000 0.0000 0.0000
-24.4656 27.8561 0.0000 0.6000 0.0000 0.0000
-24.4574 27.9054 0.0000 0.6000 0.0000 0.0000
-24.4492 27.9548 0.0000 0.6000 0.0000 0.0000
-24.4410 28.0041 0.0000 0.6000 0.0000 0.0000
-24.4328 28.0534 0.0000 0.6000 0.0000 0.0000
-24.4245 28.1027 0.0000 0.6000 0.0000 0.0000
-24.4163 28.1520 0.0000 0.6000 0.0000 0.0000
-24.4081 28.2014 0.0000 0.6000 0.0000 0.0000
-24.3999 28.2507 0.0000 0.6000 0.0000 0.0000
-24.3917 28.3000 0.0000 0.6000 0.0000 0.0000
-24.3834 28.3493 0.0000 0.6000 0.0000 0.0000
-24.3752 28.3986 0.0000 0.6000 0.0000 0.0000
-24.3670 28.4480 0.0000 0.6000 0.0000 0.0000
-24.3588 28.4973 0.0000 0.6000 0.0000 0.0000
-24.3506 28.5466 0.0000 0.6000 0.0000 0.0000
-24.3423 28.5959 0.0000 0.6000 0.0000 0.0000
-24.3341 28.6452 0.0000 0.6000 0.0000 0.0000
-24.3259 28.6946 0.0000 0.6000 0.0000 0.0000
-24.3177 28.7439 0.0000 0.6000 0.0000 0.0000
-24.3095 28.7932 0.0000 0.6000 0.0000 0.0000
-24.3012 28.8425 0.0000 0.6000 0.0000 0.0000
-24.2930 28.8918 0.0000 0.6000 0.0000 0.0000
-24.2848 28.9412 0.0000 0.6000 0.0000 0.0000
-24.2766 28.9905 0.0000 0.6000 0.0000 0.0000
-24.2684 29.0398 0.0000 0.6000 0.0000 0.0000
-24.2601 29.0891 0.0000 0.6000 0.0000 0.0000
-24.2519 29.1384 0.0000 0.6000 0.0000 0.0000
-24.2437 29.1877 0.0000 0.6000 0.0000 0.0000
-24.2355 29.2371 0.0000 0.6000 0.0000 0.0000
-24.2273 29.2864 0.0000 0.6000 0.0000 0.0000
-24.2190 29.3357 0.0000 0.6000 0.0000 0.0000
-24.2108 29.3850 0.0000 0.6000 0.0000 0.0000
-24.2026 29.4343 0.0000 0.6000 0.0000 0.0000
-24.1944 29.4837 0.0000 0.6000 0.0000 0.0000
-24.1862 29.5330 0.0000 0.6000 0.0000 0.0000
-24.1779 29.5823 0.0000 0.6000 0.0000 0.0000
-24.1697 29.6316 0.0000 0.6000 0.0000 0.0000
-24.1615 29.6809 0.0000 0.6000 0.0000 0.0000
-24.1533 29.7303 0.0000 0.6000 0.0000 0.0000
-24.1451 29.7796 0.0000 0.6000 0.0000 0.0000
-24.1368 29.8289 0.0000 0.6000 0.0000 0.0000
-24.1286 29.8782 0.0000 0.6000 0.0000 0.0000
-24.1204 29.9275 0.0000 0.6000 0.0000 0.0000
-24.1122 29.9769 0.0000 0.6000 0.0000 0.0000
-24.1040 30.0262 0.0000 0.6000 0.0000 0.0000
-24.0957 30.0755 0.0000 0.6000 0.0000 0.0000
-24.0875 30.1248 0.0000 0.6000 0.0000 0.0000
-24.0793 30.1741 0.0000 0.6000 0.0000 0.0000
-24.0711 30.2235 0.0000 0.6000 0.0000 0.0000
-24.0629 30.2728 0.0000 0.6000 0.0000 0.0000
-24.0546 30.3221 0.0000 0.6000 0.0000 0.0000
-24.0464 30.3714 0.0000 0.6000 0.0000 0.0000
-24.0382 30.4207 0.0000 0.6000 0.0000 0.0000
-24.0300 30.4701 0.0000 0.6000 0.0000 0.0000
-24.0218 30.5194 0.0000 0.6000 0.0000 0.0000
-24.0135 30.5687 0.0000 0.6000 0.0000 0.0000
-24.0053 30.6180 0.0000 0.6000 0.0000 0.0000
-23.9971 30.6673 0.0000 0.6000 0.0000 0.0000
-23.9889 30.7167 0.0000 0.6000 0.0000 0.0000
-23.9807 30.7660 0.0000 0.6000 0.0000 0.0000
-23.9725 30.8153 0.0000 0.6000 0.0000 0.0000
-23.9642 30.8646 0.0000 0.6000 0.0000 0.0000
-23.9560 30.9139 0.0000 0.6000 0.0000 0.0000
