-24.5000 21.9500 0.0000 0.3500 0.0000 0.0000
-24.4713 21.9090 0.0000 0.3600 0.0000 0.0000
-24.4427 21.8681 0.0000 0.3700 0.0000 0.0000
-24.4140 21.8271 0.0000 0.3800 0.0000 0.0000
-24.3853 21.7862 0.0000 0.3900 0.0000 0.0000
-24.3566 21.7452 0.0000 0.4000 0.0000 0.0000
-24.3280 21.7042 0.0000 0.4100 0.0000 0.0000
-24.2993 21.6633 0.0000 0.4200 0.0000 0.0000
-24.2706 21.6223 0.0000 0.4300 0.0000 0.0000
-24.2419 21.5813 0.0000 0.4400 0.0000 0.0000
-24.2133 21.5404 0.0000 0.4500 0.0000 0.0000
-24.1846 21.4994 0.0000 0.4600 0.0000 0.0000
-24.1559 21.4585 0.0000 0.4700 0.0000 0.0000
-24.1272 21.4175 0.0000 0.4800 0.0000 0.0000
-24.0986 21.3765 0.0000 0.4900 0.0000 0.0000
-24.0699 21.3356 0.0000 0.5000 0.0000 0.0000
-24.0412 21.2946 0.0000 0.5100 0.0000 0.0000
-24.0126 21.2537 0.0000 0.5200 0.0000 0.0000
-23.9839 21.2127 0.0000 0.5300 0.0000 0.0000
-23.9552 21.1717 0.0000 0.5400 0.0000 0.0000
-23.9265 21.1308 0.0000 0.5500 0.0000 0.0000
-23.8979 21.0898 0.0000 0.5600 0.0000 0.0000
-23.8692 21.0488 0.0000 0.5700 0.0000 0.0000
-23.8405 21.0079 0.0000 0.5800 0.0000 0.0000
-23.8118 20.9669 0.0000 0.5900 0.0000 0.0000
-23.7832 20.9260 0.0000 0.6000 0.0000 0.0000
-23.7545 20.8850 0.0000 0.6000 0.0000 0.0000
-23.7258 20.8440 0.0000 0.6000 0.0000 0.0000
-23.6972 20.8031 0.0000 0.6000 0.0000 0.0000
-23.6685 20.7621 0.0000 0.6000 0.0000 0.0000
-23.6398 20.7212 0.0000 0.6000 0.0000 0.0000
-23.6111 20.6802 0.0000 0.6000 0.0000 0.0000
-23.5825 20.6392 0.0000 0.6000 0.0000 0.0000
-23.5538 20.5983 0.0000 0.6000 0.0000 0.0000
-23.5251 20.5573 0.0000 0.6000 0.0000 0.0000
-23.4964 20.5163 0.0000 0.6000 0.0000 0.0000
-23.4678 20.4754 0.0000 0.6000 0.0000 0.0000
-23.4391 20.4344 0.0000 0.6000 0.0000 0.0000
-23.4104 20.3935 0.0000 0.6000 0.0000 0.0000
-23.3817 20.3525 0.0000 0.6000 0.0000 0.0000
-23.3531 20.3115 0.0000 0.6000 0.0000 0.0000
-23.3244 20.2706 0.0000 0.6000 0.0000 0.0000
-23.2957 20.2296 0.0000 0.6000 0.0000 0.0000
-23.2671 20.1887 0.0000 0.6000 0.0000 0.0000
-23.2384 20.1477 0.0000 0.6000 0.0000 0.0000
-23.2097 20.1067 0.0000 0.6000 0.0000 0.0000
-23.1810 20.0658 0.0000 0.6000 0.0000 0.0000
-23.1524 20.0248 0.0000 0.6000 0.0000 0.0000
-23.1237 19.9838 0.0000 0.6000 0.0000 0.0000
-23.0950 19.9429 0.0000 0.6000 0.0000 0.0000
-23.0663 19.9019 0.0000 0.6000 0.0000 0.0000
-23.0377 19.8610 0.0000 0.6000 0.0000 0.0000
-23.0090 19.8200 0.0000 0.6000 0.0000 0.0000
-22.9803 19.7790 0.0000 0.6000 0.0000 0.0000
-22.9517 19.7381 0.0000 0.6000 0.0000 0.0000
-22.9230 19.6971 0.0000 0.6000 0.0000 0.0000
-22.8943 19.6562 0.0000 0.6000 0.0000 0.0000
-22.8656 19.6152 0.0000 0.6000 0.0000 0.0000
-22.8370 19.5742 0.0000 0.6000 0.0000 0.0000
-22.8083 19.5333 0.0000 0.6000 0.0000 0.0000
-22.7796 19.4923 0.0000 0.6000 0.0000 0.0000
-22.7509 19.4513 0.0000 0.6000 0.0000 0.0000
-22.7223 19.4104 0.0000 0.6000 0.0000 0.0000
-22.6936 19.3694 0.0000 0.6000 0.0000 0.0000
-22.6649 19.3285 0.0000 0.6000 0.0000 0.0000
-22.6362 19.2875 0.0000 0.6000 0.0000 0.0000
-22.6076 19.2465 0.0000 0.6000 0.0000 0.0000
-22.5789 19.2056 0.0000 0.6000 0.0000 0.0000
-22.5502 19.1646 0.0000 0.6000 0.0000 0.0000
-22.5216 19.1236 0.0000 0.6000 0.0000 0.0000
-22.4929 19.0827 0.0000 0.6000 0.0000 0.0000
-22.4642 19.0417 0.0000 0.6000 0.0000 0.0000
-22.4355 19.0008 0.0000 0.6000 0.0000 0.0000
-22.4069 18.9598 0.0000 0.6000 0.0000 0.0000
-22.3782 18.9188 0.0000 0.6000 0.0000 0.0000
-22.3495 18.8779 0.0000 0.6000 0.0000 0.0000
-22.3208 18.8369 0.0000 0.6000 0.0000 0.0000
-22.2922 18.7960 0.0000 0.6000 0.0000 0.0000
-22.2635 18.7550 0.0000 0.6000 0.0000 0.0000
-22.2348 18.7140 0.0000 0.6000 0.0000 0.0000
-22.2062 18.6731 0.0000 0.6000 0.0000 0.0000
-22.1775 18.6321 0.0000 0.6000 0.0000 0.0000
-22.1488 18.5911 0.0000 0.6000 0.0000 0.0000
-22.1201 18.5502 0.0000 0.6000 0.0000 0.0000
-22.0915 18.5092 0.0000 0.6000 0.0000 0.0000
-22.0628 18.4683 0.0000 0.6000 0.0000 0.0000
-22.0500 18.4500 0.0000 0.6000 0.0000 0.0000
-22.0000 18.4504 0.0000 0.6000 0.0000 0.0000
-21.9500 18.4507 0.0000 0.6000 0.0000 0.0000
-21.9000 18.4511 0.0000 0.6000 0.0000 0.0000
-21.8500 18.4515 0.0000 0.6000 0.0000 0.0000
-21.8000 18.4518 0.0000 0.6000 0.0000 0.0000
-21.7500 18.4522 0.0000 0.6000 0.0000 0.0000
-21.7000 18.4526 0.0000 0.6000 0.0000 0.0000
-21.6500 18.4529 0.0000 0.6000 0.0000 0.0000
-21.6000 18.4533 0.0000 0.6000 0.0000 0.0000
-21.5500 18.4537 0.0000 0.6000 0.0000 0.0000
-21.5000 18.4540 0.0000 0.6000 0.0000 0.0000
-21.4500 18.4544 0.0000 0.6000 0.0000 0.0000
-21.4000 18.4548 0.0000 0.6000 0.0000 0.0000
-21.3500 18.4551 0.0000 0.6000 0.0000 0.0000
-21.3000 18.4555 0.0000 0.6000 0.0000 0.0000
-21.2500 18.4559 0.0000 0.6000 0.0000 0.0000
-21.2000 18.4562 0.0000 0.6000 0.0000 0.0000
-21.1500 18.4566 0.0000 0.6000 0.0000 0.0000
-21.1000 18.4570 0.0000 0.6000 0.0000 0.0000
-21.0500 18.4574 0.0000 0.6000 0.0000 0.0000
-21.0000 18.4577 0.0000 0.6000 0.0000 0.0000
-20.9500 18.4581 0.0000 0.6000 0.0000 0.0000
-20.9000 18.4585 0.0000 0.6000 0.0000 0.0000
-20.8500 18.4588 0.0000 0.6000 0.0000 0.0000
-20.8000 18.4592 0.0000 0.6000 0.0000 0.0000
-20.7500 18.4596 0.0000 0.6000 0.0000 0.0000
-20.7000 18.4599 0.0000 0.6000 0.0000 0.0000
-20.6500 18.4603 0.0000 0.6000 0.0000 0.0000
-20.6000 18.4607 0.0000 0.6000 0.0000 0.0000
-20.5500 18.4610 0.0000 0.6000 0.0000 0.0000
-20.5000 18.4614 0.0000 0.6000 0.0000 0.0000
-20.4500 18.4618 0.0000 0.6000 0.0000 0.0000
-20.4000 18.4621 0.0000 0.6000 0.0000 0.0000
-20.3500 18.4625 0.0000 0.6000 0.0000 0.0000
-20.3000 18.4629 0.0000 0.6000 0.0000 0.0000
-20.2500 18.4632 0.0000 0.6000 0.0000 0.0000
-20.2001 18.4636 0.0000 0.6000 0.0000 0.0000
-20.1501 18.4640 0.0000 0.6000 0.0000 0.0000
-20.1001 18.4643 0.0000 0.6000 0.0000 0.0000
-20.0501 18.4647 0.0000 0.6000 0.0000 0.0000
-20.0001 18.4651 0.0000 0.6000 0.0000 0.0000
-19.9501 18.4654 0.0000 0.6000 0.0000 0.0000
-19.9001 18.4658 0.0000 0.6000 0.0000 0.0000
-19.8501 18.4662 0.0000 0.6000 0.0000 0.0000
-19.8001 18.4665 0.0000 0.6000 0.0000 0.0000
-19.7501 18.4669 0.0000 0.6000 0.0000 0.0000
-19.7001 18.4673 0.0000 0.6000 0.0000 0.0000
-19.6501 18.4676 0.0000 0.6000 0.0000 0.0000
-19.6001 18.4680 0.0000 0.6000 0.0000 0.0000
-19.5501 18.4684 0.0000 0.6000 0.0000 0.0000
-19.5001 18.4687 0.0000 0.6000 0.0000 0.0000
-19.4501 18.4691 0.0000 0.6000 0.0000 0.0000
-19.4001 18.4695 0.0000 0.6000 0.0000 0.0000
-19.3501 18.4699 0.0000 0.6000 0.0000 0.0000
-19.3001 18.4702 0.0000 0.6000 0.0000 0.0000
-19.2501 18.4706 0.0000 0.6000 0.0000 0.0000
-19.2001 18.4710 0.0000 0.6000 0.0000 0.0000
-19.1501 18.4713 0.0000 0.6000 0.0000 0.0000
-19.1001 18.4717 0.0000 0.6000 0.0000 0.0000
-19.0501 18.4721 0.0000 0.6000 0.0000 0.0000
-19.0001 18.4724 0.0000 0.6000 0.0000 0.0000
-18.9501 18.4728 0.0000 0.6000 0.0000 0.0000
-18.9001 18.4732 0.0000 0.6000 0.0000 0.0000
-18.8501 18.4735 0.0000 0.6000 0.0000 0.0000
-18.8001 18.4739 0.0000 0.6000 0.0000 0.0000
-18.7501 18.4743 0.0000 0.6000 0.0000 0.0000
-18.7001 18.4746 0.0000 0.6000 0.0000 0.0000
-18.6501 18.4750 0.0000 0.6000 0.0000 0.0000
-18.6001 18.4754 0.0000 0.6000 0.0000 0.0000
-18.5501 18.4757 0.0000 0.6000 0.0000 0.0000
-18.5001 18.4761 0.0000 0.6000 0.0000 0.0000
-18.4501 18.4765 0.0000 0.6000 0.0000 0.0000
-18.4001 18.4768 0.0000 0.6000 0.0000 0.0000
-18.3501 18.4772 0.0000 0.6000 0.0000 0.0000
-18.3001 18.4776 0.0000 0.6000 0.0000 0.0000
-18.2501 18.4779 0.0000 0.6000 0.0000 0.0000
-18.2001 18.4783 0.0000 0.6000 0.0000 0.0000
-18.1501 18.4787 0.0000 0.6000 0.0000 0.0000
-18.1001 18.4790 0.0000 0.6000 0.0000 0.0000
-18.0501 18.4794 0.0000 0.6000 0.0000 0.0000
-18.0001 18.4798 0.0000 0.6000 0.0000 0.0000
-17.9501 18.4801 0.0000 0.6000 0.0000 0.0000
-17.9001 18.4805 0.0000 0.6000 0.0000 0.0000
-17.8501 18.4809 0.0000 0.6000 0.0000 0.0000
-17.8001 18.4812 0.0000 0.6000 0.0000 0.0000
-17.7501 18.4816 0.0000 0.6000 0.0000 0.0000
-17.7001 18.4820 0.0000 0.6000 0.0000 0.0000
-17.6501 18.4824 0.0000 0.6000 0.0000 0.0000
-17.6001 18.4827 0.0000 0.6000 0.0000 0.0000
-17.5501 18.4831 0.0000 0.6000 0.0000 0.0000
-17.5001 18.4835 0.0000 0.6000 0.0000 0.0000
-17.4501 18.4838 0.0000 0.6000 0.0000 0.0000
-17.4001 18.4842 0.0000 0.6000 0.0000 0.0000
-17.3501 18.4846 0.0000 0.6000 0.0000 0.0000
-17.3001 18.4849 0.0000 0.6000 0.0000 0.0000
-17.2501 18.4853 0.0000 0.6000 0.0000 0.0000
-17.2001 18.4857 0.0000 0.6000 0.0000 0.0000
-17.1501 18.4860 0.0000 0.6000 0.0000 0.0000
-17.1001 18.4864 0.0000 0.6000 0.0000 0.0000
-17.0501 18.4868 0.0000 0.6000 0.0000 0.0000
-17.0001 18.4871 0.0000 0.6000 0.0000 0.0000
-16.9501 18.4875 0.0000 0.6000 0.0000 0.0000
-16.9001 18.4879 0.0000 0.6000 0.0000 0.0000
-16.8501 18.4882 0.0000 0.6000 0.0000 0.0000
-16.8001 18.4886 0.0000 0.6000 0.0000 0.0000
-16.7501 18.4890 0.0000 0.6000 0.0000 0.0000
-16.7001 18.4893 0.0000 0.6000 0.0000 0.0000
-16.6501 18.4897 0.0000 0.6000 0.0000 0.0000
-16.6001 18.4901 0.0000 0.6000 0.0000 0.0000
-16.5501 18.4904 0.0000 0.6000 0.0000 0.0000
-16.5002 18.4908 0.0000 0.6000 0.0000 0.0000
-16.4502 18.4912 0.0000 0.6000 0.0000 0.0000
-16.4002 18.4915 0.0000 0.6000 0.0000 0.0000
-16.3502 18.4919 0.0000 0.6000 0.0000 0.0000
-16.3002 18.4923 0.0000 0.6000 0.0000 0.0000
-16.2502 18.4926 0.0000 0.6000 0.0000 0.0000
-16.2002 18.4930 0.0000 0.6000 0.0000 0.0000
-16.1502 18.4934 0.0000 0.6000 0.0000 0.0000
-16.1002 18.4937 0.0000 0.6000 0.0000 0.0000
-16.0502 18.4941 0.0000 0.6000 0.0000 0.0000
-16.0002 18.4945 0.0000 0.6000 0.0000 0.0000
-15.9502 18.4949 0.0000 0.6000 0.0000 0.0000
-15.9002 18.4952 0.0000 0.6000 0.0000 0.0000
-15.8502 18.4956 0.0000 0.6000 0.0000 0.0000
-15.8002 18.4960 0.0000 0.6000 0.0000 0.0000
-15.7502 18.4963 0.0000 0.6000 0.0000 0.0000
-15.7002 18.4967 0.0000 0.6000 0.0000 0.0000
-15.6502 18.4971 0.0000 0.6000 0.0000 0.0000
-15.6002 18.4974 0.0000 0.6000 0.0000 0.0000
-15.5502 18.4978 0.0000 0.6000 0.0000 0.0000
-15.5002 18.4982 0.0000 0.6000 0.0000 0.0000
-15.4502 18.4985 0.0000 0.6000 0.0000 0.0000
-15.4002 18.4989 0.0000 0.6000 0.0000 0.0000
-15.3502 18.4993 0.0000 0.6000 0.0000 0.0000
-15.3002 18.4996 0.0000 0.6000 0.0000 0.0000
-15.2502 18.5000 0.0000 0.6000 0.0000 0.0000
-15.2500 18.5000 0.0000 0.6000 0.0000 0.0000
-15.2536 18.4501 0.0000 0.6000 0.0000 0.0000
-15.2572 18.4003 0.0000 0.6000 0.0000 0.0000
-15.2608 18.3504 0.0000 0.6000 0.0000 0.0000
-15.2645 18.3005 0.0000 0.6000 0.0000 0.0000
-15.2681 18.2507 0.0000 0.6000 0.0000 0.0000
-15.2717 18.2008 0.0000 0.6000 0.0000 0.0000
-15.2753 18.1509 0.0000 0.6000 0.0000 0.0000
-15.2789 18.1010 0.0000 0.6000 0.0000 0.0000
-15.2825 18.0512 0.0000 0.6000 0.0000 0.0000
-15.2861 18.0013 0.0000 0.6000 0.0000 0.0000
-15.2898 17.9514 0.0000 0.6000 0.0000 0.0000
-15.2934 17.9016 0.0000 0.6000 0.0000 0.0000
-15.2970 17.8517 0.0000 0.6000 0.0000 0.0000
-15.3006 17.8018 0.0000 0.6000 0.0000 0.0000
-15.3042 17.7520 0.0000 0.6000 0.0000 0.0000
-15.3078 17.7021 0.0000 0.6000 0.0000 0.0000
-15.3114 17.6522 0.0000 0.6000 0.0000 0.0000
-15.3150 17.6024 0.0000 0.6000 0.0000 0.0000
-15.3187 17.5525 0.0000 0.6000 0.0000 0.0000
-15.3223 17.5026 0.0000 0.6000 0.0000 0.0000
-15.3259 17.4527 0.0000 0.6000 0.0000 0.0000
-15.3295 17.4029 0.0000 0.6000 0.0000 0.0000
-15.3331 17.3530 0.0000 0.6000 0.0000 0.0000
-15.3367 17.3031 0.0000 0.6000 0.0000 0.0000
-15.3403 17.2533 0.0000 0.6000 0.0000 0.0000
-15.3440 17.2034 0.0000 0.6000 0.0000 0.0000
-15.3476 17.1535 0.0000 0.6000 0.0000 0.0000
-15.3512 17.1037 0.0000 0.6000 0.0000 0.0000
-15.3548 17.0538 0.0000 0.6000 0.0000 0.0000
-15.3584 17.0039 0.0000 0.6000 0.0000 0.0000
-15.3620 16.9541 0.0000 0.6000 0.0000 0.0000
-15.3656 16.9042 0.0000 0.6000 0.0000 0.0000
-15.3693 16.8543 0.0000 0.6000 0.0000 0.0000
-15.3729 16.8044 0.0000 0.6000 0.0000 0.0000
-15.3765 16.7546 0.0000 0.6000 0.0000 0.0000
-15.3801 16.7047 0.0000 0.6000 0.0000 0.0000
-15.3837 16.6548 0.0000 0.6000 0.0000 0.0000
-15.3873 16.6050 0.0000 0.6000 0.0000 0.0000
-15.3909 16.5551 0.0000 0.6000 0.0000 0.0000
-15.3945 16.5052 0.0000 0.6000 0.0000 0.0000
-15.3982 16.4554 0.0000 0.6000 0.0000 0.0000
-15.4018 16.4055 0.0000 0.6000 0.0000 0.0000
-15.4054 16.3556 0.0000 0.6000 0.0000 0.0000
-15.4090 16.3058 0.0000 0.6000 0.0000 0.0000
-15.4126 16.2559 0.0000 0.5900 0.0000 0.0000
-15.4162 16.2060 0.0000 0.5800 0.0000 0.0000
-15.4198 16.1561 0.0000 0.5700 0.0000 0.0000
-15.4235 16.1063 0.0000 0.5600 0.0000 0.0000
-15.4271 16.0564 0.0000 0.5500 0.0000 0.0000
-15.4307 16.0065 0.0000 0.5400 0.0000 0.0000
-15.4343 15.9567 0.0000 0.5300 0.0000 0.0000
-15.4379 15.9068 0.0000 0.5200 0.0000 0.0000
-15.4415 15.8569 0.0000 0.5100 0.0000 0.0000
-15.4451 15.8071 0.0000 0.5000 0.0000 0.0000
-15.4488 15.7572 0.0000 0.4900 0.0000 0.0000
-15.4524 15.7073 0.0000 0.4800 0.0000 0.0000
-15.4560 15.6575 0.0000 0.4700 0.0000 0.0000
-15.4596 15.6076 0.0000 0.4600 0.0000 0.0000
-15.4632 15.5577 0.0000 0.4500 0.0000 0.0000
-15.4668 15.5078 0.0000 0.4400 0.0000 0.0000
-15.4704 15.4580 0.0000 0.4300 0.0000 0.0000
-15.4741 15.4081 0.0000 0.4200 0.0000 0.0000
-15.4777 15.3582 0.0000 0.4100 0.0000 0.0000
-15.4813 15.3084 0.0000 0.4000 0.0000 0.0000
-15.4849 15.2585 0.0000 0.3900 0.0000 0.0000
-15.4885 15.2086 0.0000 0.3800 0.0000 0.0000
-15.4921 15.1588 0.0000 0.3700 0.0000 0.0000
-15.4957 15.1089 0.0000 0.3600 0.0000 0.0000
-15.4993 15.0590 0.0000 0.3500 0.0000 0.0000
-15.5000 15.0500 0.0000 0.3500 0.0000 0.0000
