-10.5000 18.7000 0.0000 0.3500 0.0000 0.0000
-10.5500 18.6984 0.0000 0.3600 0.0000 0.0000
-10.5999 18.6967 0.0000 0.3700 0.0000 0.0000
-10.6499 18.6951 0.0000 0.3800 0.0000 0.0000
-10.6999 18.6934 0.0000 0.3900 0.0000 0.0000
-10.7499 18.6918 0.0000 0.4000 0.0000 0.0000
-10.7998 18.6901 0.0000 0.4100 0.0000 0.0000
-10.8498 18.6885 0.0000 0.4200 0.0000 0.0000
-10.8998 18.6868 0.0000 0.4300 0.0000 0.0000
-10.9498 18.6852 0.0000 0.4400 0.0000 0.0000
-10.9997 18.6835 0.0000 0.4500 0.0000 0.0000
-11.0497 18.6819 0.0000 0.4600 0.0000 0.0000
-11.0997 18.6802 0.0000 0.4700 0.0000 0.0000
-11.1496 18.6786 0.0000 0.4800 0.0000 0.0000
-11.1996 18.6769 0.0000 0.4900 0.0000 0.0000
-11.2496 18.6753 0.0000 0.5000 0.0000 0.0000
-11.2996 18.6736 0.0000 0.5100 0.0000 0.0000
-11.3495 18.6720 0.0000 0.5200 0.0000 0.0000
-11.3995 18.6703 0.0000 0.5300 0.0000 0.0000
-11.4495 18.6687 0.0000 0.5400 0.0000 0.0000
-11.4995 18.6671 0.0000 0.5500 0.0000 0.0000
-11.5494 18.6654 0.0000 0.5600 0.0000 0.0000
-11.5994 18.6638 0.0000 0.5700 0.0000 0.0000
-11.6494 18.6621 0.0000 0.5800 0.0000 0.0000
-11.6993 18.6605 0.0000 0.5900 0.0000 0.0000
-11.7493 18.6588 0.0000 0.6000 0.0000 0.0000
-11.7993 18.6572 0.0000 0.6000 0.0000 0.0000
-11.8493 18.6555 0.0000 0.6000 0.0000 0.0000
-11.8992 18.6539 0.0000 0.6000 0.0000 0.0000
-11.9492 18.6522 0.0000 0.6000 0.0000 0.0000
-11.9992 18.6506 0.0000 0.6000 0.0000 0.0000
-12.0492 18.6489 0.0000 0.6000 0.0000 0.0000
-12.0991 18.6473 0.0000 0.6000 0.0000 0.0000
-12.1491 18.6456 0.0000 0.6000 0.0000 0.0000
-12.1991 18.6440 0.0000 0.6000 0.0000 0.0000
-12.2490 18.6423 0.0000 0.6000 0.0000 0.0000
-12.2990 18.6407 0.0000 0.6000 0.0000 0.0000
-12.3490 18.6390 0.0000 0.6000 0.0000 0.0000
-12.3990 18.6374 0.0000 0.6000 0.0000 0.0000
-12.4489 18.6357 0.0000 0.6000 0.0000 0.0000
-12.4989 18.6341 0.0000 0.6000 0.0000 0.0000
-12.5489 18.6325 0.0000 0.6000 0.0000 0.0000
-12.5989 18.6308 0.0000 0.6000 0.0000 0.0000
-12.6488 18.6292 0.0000 0.6000 0.0000 0.0000
-12.6988 18.6275 0.0000 0.6000 0.0000 0.0000
-12.7488 18.6259 0.0000 0.6000 0.0000 0.0000
-12.7988 18.6242 0.0000 0.6000 0.0000 0.0000
-12.8487 18.6226 0.0000 0.6000 0.0000 0.0000
-12.8987 18.6209 0.0000 0.6000 0.0000 0.0000
-12.9487 18.6193 0.0000 0.6000 0.0000 0.0000
-12.9986 18.6176 0.0000 0.6000 0.0000 0.0000
-13.0486 18.6160 0.0000 0.6000 0.0000 0.0000
-13.0986 18.6143 0.0000 0.6000 0.0000 0.0000
-13.1486 18.6127 0.0000 0.6000 0.0000 0.0000
-13.1985 18.6110 0.0000 0.6000 0.0000 0.0000
-13.2485 18.6094 0.0000 0.6000 0.0000 0.0000
-13.2985 18.6077 0.0000 0.6000 0.0000 0.0000
-13.3485 18.6061 0.0000 0.6000 0.0000 0.0000
-13.3984 18.6044 0.0000 0.6000 0.0000 0.0000
-13.4484 18.6028 0.0000 0.6000 0.0000 0.0000
-13.4984 18.6012 0.0000 0.6000 0.0000 0.0000
-13.5483 18.5995 0.0000 0.6000 0.0000 0.0000
-13.5983 18.5979 0.0000 0.6000 0.0000 0.0000
-13.6483 18.5962 0.0000 0.6000 0.0000 0.0000
-13.6983 18.5946 0.0000 0.6000 0.0000 0.0000
-13.7482 18.5929 0.0000 0.6000 0.0000 0.0000
-13.7982 18.5913 0.0000 0.6000 0.0000 0.0000
-13.8482 18.5896 0.0000 0.6000 0.0000 0.0000
-13.8982 18.5880 0.0000 0.6000 0.0000 0.0000
-13.9481 18.5863 0.0000 0.6000 0.0000 0.0000
-13.9981 18.5847 0.0000 0.6000 0.0000 0.0000
-14.0481 18.5830 0.0000 0.6000 0.0000 0.0000
-14.0980 18.5814 0.0000 0.6000 0.0000 0.0000
-14.1480 18.5797 0.0000 0.6000 0.0000 0.0000
-14.1980 18.5781 0.0000 0.6000 0.0000 0.0000
-14.2480 18.5764 0.0000 0.6000 0.0000 0.0000
-14.2979 18.5748 0.0000 0.6000 0.0000 0.0000
-14.3479 18.5731 0.0000 0.6000 0.0000 0.0000
-14.3979 18.5715 0.0000 0.6000 0.0000 0.0000
-14.4479 18.5699 0.0000 0.6000 0.0000 0.0000
-14.4978 18.5682 0.0000 0.6000 0.0000 0.0000
-14.5478 18.5666 0.0000 0.6000 0.0000 0.0000
-14.5978 18.5649 0.0000 0.6000 0.0000 0.0000
-14.6477 18.5633 0.0000 0.6000 0.0000 0.0000
-14.6977 18.5616 0.0000 0.6000 0.0000 0.0000
-14.7477 18.5600 0.0000 0.6000 0.0000 0.0000
-14.7977 18.5583 0.0000 0.6000 0.0000 0.0000
-14.8476 18.5567 0.0000 0.6000 0.0000 0.0000
-14.8976 18.5550 0.0000 0.6000 0.0000 0.0000
-14.9476 18.5534 0.0000 0.6000 0.0000 0.0000
-14.9976 18.5517 0.0000 0.6000 0.0000 0.0000
-15.0475 18.5501 0.0000 0.6000 0.0000 0.0000
-15.0500 18.5500 0.0000 0.6000 0.0000 0.0000
-15.0509 18.5000 0.0000 0.6000 0.0000 0.0000
-15.0518 18.4500 0.0000 0.6000 0.0000 0.0000
-15.0527 18.4000 0.0000 0.6000 0.0000 0.0000
-15.0536 18.3500 0.0000 0.6000 0.0000 0.0000
-15.0545 18.3000 0.0000 0.6000 0.0000 0.0000
-15.0555 18.2500 0.0000 0.6000 0.0000 0.0000
-15.0564 18.2001 0.0000 0.6000 0.0000 0.0000
-15.0573 18.1501 0.0000 0.6000 0.0000 0.0000
-15.0582 18.1001 0.0000 0.6000 0.0000 0.0000
-15.0591 18.0501 0.0000 0.6000 0.0000 0.0000
-15.0600 18.0001 0.0000 0.6000 0.0000 0.0000
-15.0609 17.9501 0.0000 0.6000 0.0000 0.0000
-15.0618 17.9001 0.0000 0.6000 0.0000 0.0000
-15.0627 17.8501 0.0000 0.6000 0.0000 0.0000
-15.0636 17.8001 0.0000 0.6000 0.0000 0.0000
-15.0645 17.7501 0.0000 0.6000 0.0000 0.0000
-15.0655 17.7001 0.0000 0.6000 0.0000 0.0000
-15.0664 17.6501 0.0000 0.6000 0.0000 0.0000
-15.0673 17.6002 0.0000 0.6000 0.0000 0.0000
-15.0682 17.5502 0.0000 0.6000 0.0000 0.0000
-15.0691 17.5002 0.0000 0.6000 0.0000 0.0000
-15.0700 17.4502 0.0000 0.6000 0.0000 0.0000
-15.0709 17.4002 0.0000 0.6000 0.0000 0.0000
-15.0718 17.3502 0.0000 0.6000 0.0000 0.0000
-15.0727 17.3002 0.0000 0.6000 0.0000 0.0000
-15.0736 17.2502 0.0000 0.6000 0.0000 0.0000
-15.0745 17.2002 0.0000 0.6000 0.0000 0.0000
-15.0755 17.1502 0.0000 0.6000 0.0000 0.0000
-15.0764 17.1002 0.0000 0.6000 0.0000 0.0000
-15.0773 17.0502 0.0000 0.6000 0.0000 0.0000
-15.0782 17.0003 0.0000 0.6000 0.0000 0.0000
-15.0791 16.9503 0.0000 0.6000 0.0000 0.0000
-15.0800 16.9003 0.0000 0.6000 0.0000 0.0000
-15.0809 16.8503 0.0000 0.6000 0.0000 0.0000
-15.0818 16.8003 0.0000 0.6000 0.0000 0.0000
-15.0827 16.7503 0.0000 0.6000 0.0000 0.0000
-15.0836 16.7003 0.0000 0.6000 0.0000 0.0000
-15.0845 16.6503 0.0000 0.6000 0.0000 0.0000
-15.0854 16.6003 0.0000 0.6000 0.0000 0.0000
-15.0864 16.5503 0.0000 0.6000 0.0000 0.0000
-15.0873 16.5003 0.0000 0.6000 0.0000 0.0000
-15.0882 16.4503 0.0000 0.6000 0.0000 0.0000
-15.0891 16.4004 0.0000 0.6000 0.0000 0.0000
-15.0900 16.3504 0.0000 0.6000 0.0000 0.0000
-15.0909 16.3004 0.0000 0.6000 0.0000 0.0000
-15.0918 16.2504 0.0000 0.6000 0.0000 0.0000
-15.0927 16.2004 0.0000 0.6000 0.0000 0.0000
-15.0936 16.1504 0.0000 0.6000 0.0000 0.0000
-15.0945 16.1004 0.0000 0.6000 0.0000 0.0000
-15.0954 16.0504 0.0000 0.6000 0.0000 0.0000
-15.0964 16.0004 0.0000 0.6000 0.0000 0.0000
-15.0973 15.9504 0.0000 0.6000 0.0000 0.0000
-15.0982 15.9004 0.0000 0.6000 0.0000 0.0000
-15.0991 15.8504 0.0000 0.6000 0.0000 0.0000
-15.1000 15.8005 0.0000 0.6000 0.0000 0.0000
-15.1000 15.8000 0.0000 0.6000 0.0000 0.0000
-15.1500 15.7986 0.0000 0.6000 0.0000 0.0000
-15.2000 15.7972 0.0000 0.6000 0.0000 0.0000
-15.2499 15.7958 0.0000 0.6000 0.0000 0.0000
-15.2999 15.7944 0.0000 0.6000 0.0000 0.0000
-15.3499 15.7931 0.0000 0.6000 0.0000 0.0000
-15.3999 15.7917 0.0000 0.6000 0.0000 0.0000
-15.4499 15.7903 0.0000 0.6000 0.0000 0.0000
-15.4998 15.7889 0.0000 0.6000 0.0000 0.0000
-15.5498 15.7875 0.0000 0.6000 0.0000 0.0000
-15.5998 15.7861 0.0000 0.6000 0.0000 0.0000
-15.6498 15.7847 0.0000 0.6000 0.0000 0.0000
-15.6998 15.7833 0.0000 0.5900 0.0000 0.0000
-15.7497 15.7820 0.0000 0.5800 0.0000 0.0000
-15.7997 15.7806 0.0000 0.5700 0.0000 0.0000
-15.8497 15.7792 0.0000 0.5600 0.0000 0.0000
-15.8997 15.7778 0.0000 0.5500 0.0000 0.0000
-15.9497 15.7764 0.0000 0.5400 0.0000 0.0000
-15.9997 15.7750 0.0000 0.5300 0.0000 0.0000
-16.0496 15.7736 0.0000 0.5200 0.0000 0.0000
-16.0996 15.7722 0.0000 0.5100 0.0000 0.0000
-16.1496 15.7708 0.0000 0.5000 0.0000 0.0000
-16.1996 15.7695 0.0000 0.4900 0.0000 0.0000
-16.2496 15.7681 0.0000 0.4800 0.0000 0.0000
-16.2995 15.7667 0.0000 0.4700 0.0000 0.0000
-16.3495 15.7653 0.0000 0.4600 0.0000 0.0000
-16.3995 15.7639 0.0000 0.4500 0.0000 0.0000
-16.4495 15.7625 0.0000 0.4400 0.0000 0.0000
-16.4995 15.7611 0.0000 0.4300 0.0000 0.0000
-16.5494 15.7597 0.0000 0.4200 0.0000 0.0000
-16.5994 15.7583 0.0000 0.4100 0.0000 0.0000
-16.6494 15.7570 0.0000 0.4000 0.0000 0.0000
-16.6994 15.7556 0.0000 0.3900 0.0000 0.0000
-16.7494 15.7542 0.0000 0.3800 0.0000 0.0000
-16.7993 15.7528 0.0000 0.3700 0.0000 0.0000
-16.8493 15.7514 0.0000 0.3600 0.0000 0.0000
-16.8993 15.7500 0.0000 0.3500 0.0000 0.0000
-16.9000 15.7500 0.0000 0.3500 0.0000 0.0000
