-24.9000 19.5500 0.0000 0.3500 0.0000 0.0000
-24.8598 19.5203 0.0000 0.3600 0.0000 0.0000
-24.8196 19.4906 0.0000 0.3700 0.0000 0.0000
-24.7794 19.4608 0.0000 0.3800 0.0000 0.0000
-24.7392 19.4311 0.0000 0.3900 0.0000 0.0000
-24.6990 19.4014 0.0000 0.4000 0.0000 0.0000
-24.6587 19.3717 0.0000 0.4100 0.0000 0.0000
-24.6185 19.3420 0.0000 0.4200 0.0000 0.0000
-24.5783 19.3122 0.0000 0.4300 0.0000 0.0000
-24.5381 19.2825 0.0000 0.4400 0.0000 0.0000
-24.4979 19.2528 0.0000 0.4500 0.0000 0.0000
-24.4577 19.2231 0.0000 0.4600 0.0000 0.0000
-24.4175 19.1934 0.0000 0.4700 0.0000 0.0000
-24.3773 19.1636 0.0000 0.4800 0.0000 0.0000
-24.3371 19.1339 0.0000 0.4900 0.0000 0.0000
-24.2969 19.1042 0.0000 0.5000 0.0000 0.0000
-24.2567 19.0745 0.0000 0.5100 0.0000 0.0000
-24.2165 19.0448 0.0000 0.5200 0.0000 0.0000
-24.1762 19.0150 0.0000 0.5300 0.0000 0.0000
-24.1360 18.9853 0.0000 0.5400 0.0000 0.0000
-24.0958 18.9556 0.0000 0.5500 0.0000 0.0000
-24.0556 18.9259 0.0000 0.5600 0.0000 0.0000
-24.0154 18.8962 0.0000 0.5700 0.0000 0.0000
-23.9752 18.8665 0.0000 0.5800 0.0000 0.0000
-23.9350 18.8367 0.0000 0.5900 0.0000 0.0000
-23.8948 18.8070 0.0000 0.6000 0.0000 0.0000
-23.8546 18.7773 0.0000 0.6000 0.0000 0.0000
-23.8144 18.7476 0.0000 0.6000 0.0000 0.0000
-23.7742 18.7179 0.0000 0.6000 0.0000 0.0000
-23.7500 18.7000 0.0000 0.6000 0.0000 0.0000
-23.7005 18.6927 0.0000 0.6000 0.0000 0.0000
-23.6511 18.6855 0.0000 0.6000 0.0000 0.0000
-23.6016 18.6782 0.0000 0.6000 0.0000 0.0000
-23.5521 18.6709 0.0000 0.6000 0.0000 0.0000
-23.5027 18.6636 0.0000 0.6000 0.0000 0.0000
-23.4532 18.6564 0.0000 0.6000 0.0000 0.0000
-23.4037 18.6491 0.0000 0.6000 0.0000 0.0000
-23.3543 18.6418 0.0000 0.6000 0.0000 0.0000
-23.3048 18.6345 0.0000 0.6000 0.0000 0.0000
-23.2553 18.6273 0.0000 0.6000 0.0000 0.0000
-23.2059 18.6200 0.0000 0.6000 0.0000 0.0000
-23.1564 18.6127 0.0000 0.6000 0.0000 0.0000
-23.1069 18.6054 0.0000 0.6000 0.0000 0.0000
-23.0574 18.5982 0.0000 0.6000 0.0000 0.0000
-23.0080 18.5909 0.0000 0.6000 0.0000 0.0000
-22.9585 18.5836 0.0000 0.6000 0.0000 0.0000
-22.9090 18.5763 0.0000 0.6000 0.0000 0.0000
-22.8596 18.5691 0.0000 0.6000 0.0000 0.0000
-22.8101 18.5618 0.0000 0.6000 0.0000 0.0000
-22.7606 18.5545 0.0000 0.6000 0.0000 0.0000
-22.7112 18.5472 0.0000 0.6000 0.0000 0.0000
-22.6617 18.5400 0.0000 0.6000 0.0000 0.0000
-22.6122 18.5327 0.0000 0.6000 0.0000 0.0000
-22.5628 18.5254 0.0000 0.6000 0.0000 0.0000
-22.5133 18.5181 0.0000 0.6000 0.0000 0.0000
-22.4638 18.5109 0.0000 0.6000 0.0000 0.0000
-22.4144 18.5036 0.0000 0.6000 0.0000 0.0000
-22.3649 18.4963 0.0000 0.6000 0.0000 0.0000
-22.3154 18.4890 0.0000 0.6000 0.0000 0.0000
-22.2660 18.4818 0.0000 0.6000 0.0000 0.0000
-22.2165 18.4745 0.0000 0.6000 0.0000 0.0000
-22.1670 18.4672 0.0000 0.6000 0.0000 0.0000
-22.1176 18.4599 0.0000 0.6000 0.0000 0.0000
-22.0681 18.4527 0.0000 0.6000 0.0000 0.0000
-22.0500 18.4500 0.0000 0.6000 0.0000 0.0000
-22.0000 18.4504 0.0000 0.6000 0.0000 0.0000
-21.9500 18.4507 0.0000 0.6000 0.0000 0.0000
-21.9000 18.4511 0.0000 0.6000 0.0000 0.0000
-21.8500 18.4515 0.0000 0.6000 0.0000 0.0000
-21.8000 18.4518 0.0000 0.6000 0.0000 0.0000
-21.7500 18.4522 0.0000 0.6000 0.0000 0.0000
-21.7000 18.4526 0.0000 0.6000 0.0000 0.0000
-21.6500 18.4529 0.0000 0.6000 0.0000 0.0000
-21.6000 18.4533 0.0000 0.6000 0.0000 0.0000
-21.5500 18.4537 0.0000 0.6000 0.0000 0.0000
-21.5000 18.4540 0.0000 0.6000 0.0000 0.0000
-21.4500 18.4544 0.0000 0.6000 0.0000 0.0000
-21.4000 18.4548 0.0000 0.6000 0.0000 0.0000
-21.3500 18.4551 0.0000 0.6000 0.0000 0.0000
-21.3000 18.4555 0.0000 0.6000 0.0000 0.0000
-21.2500 18.4559 0.0000 0.6000 0.0000 0.0000
-21.2000 18.4562 0.0000 0.6000 0.0000 0.0000
-21.1500 18.4566 0.0000 0.6000 0.0000 0.0000
-21.1000 18.4570 0.0000 0.6000 0.0000 0.0000
-21.0500 18.4574 0.0000 0.6000 0.0000 0.0000
-21.0000 18.4577 0.0000 0.6000 0.0000 0.0000
-20.9500 18.4581 0.0000 0.6000 0.0000 0.0000
-20.9000 18.4585 0.0000 0.6000 0.0000 0.0000
-20.8500 18.4588 0.0000 0.6000 0.0000 0.0000
-20.8000 18.4592 0.0000 0.6000 0.0000 0.0000
-20.7500 18.4596 0.0000 0.6000 0.0000 0.0000
-20.7000 18.4599 0.0000 0.6000 0.0000 0.0000
-20.6500 18.4603 0.0000 0.6000 0.0000 0.0000
-20.6000 18.4607 0.0000 0.6000 0.0000 0.0000
-20.5500 18.4610 0.0000 0.6000 0.0000 0.0000
-20.5000 18.4614 0.0000 0.6000 0.0000 0.0000
-20.4500 18.4618 0.0000 0.6000 0.0000 0.0000
-20.4000 18.4621 0.0000 0.6000 0.0000 0.0000
-20.3500 18.4625 0.0000 0.6000 0.0000 0.0000
-20.3000 18.4629 0.0000 0.6000 0.0000 0.0000
-20.2500 18.4632 0.0000 0.6000 0.0000 0.0000
-20.2001 18.4636 0.0000 0.6000 0.0000 0.0000
-20.1501 18.4640 0.0000 0.6000 0.0000 0.0000
-20.1001 18.4643 0.0000 0.6000 0.0000 0.0000
-20.0501 18.4647 0.0000 0.6000 0.0000 0.0000
-20.0001 18.4651 0.0000 0.6000 0.0000 0.0000
-19.9501 18.4654 0.0000 0.6000 0.0000 0.0000
-19.9001 18.4658 0.0000 0.6000 0.0000 0.0000
-19.8501 18.4662 0.0000 0.6000 0.0000 0.0000
-19.8001 18.4665 0.0000 0.6000 0.0000 0.0000
-19.7501 18.4669 0.0000 0.6000 0.0000 0.0000
-19.7001 18.4673 0.0000 0.6000 0.0000 0.0000
-19.6501 18.4676 0.0000 0.6000 0.0000 0.0000
-19.6001 18.4680 0.0000 0.6000 0.0000 0.0000
-19.5501 18.4684 0.0000 0.6000 0.0000 0.0000
-19.5001 18.4687 0.0000 0.6000 0.0000 0.0000
-19.4501 18.4691 0.0000 0.6000 0.0000 0.0000
-19.4001 18.4695 0.0000 0.6000 0.0000 0.0000
-19.3501 18.4699 0.0000 0.6000 0.0000 0.0000
-19.3001 18.4702 0.0000 0.6000 0.0000 0.0000
-19.2501 18.4706 0.0000 0.6000 0.0000 0.0000
-19.2001 18.4710 0.0000 0.6000 0.0000 0.0000
-19.1501 18.4713 0.0000 0.6000 0.0000 0.0000
-19.1001 18.4717 0.0000 0.6000 0.0000 0.0000
-19.0501 18.4721 0.0000 0.6000 0.0000 0.0000
-19.0001 18.4724 0.0000 0.6000 0.0000 0.0000
-18.9501 18.4728 0.0000 0.6000 0.0000 0.0000
-18.9001 18.4732 0.0000 0.6000 0.0000 0.0000
-18.8501 18.4735 0.0000 0.6000 0.0000 0.0000
-18.8001 18.4739 0.0000 0.6000 0.0000 0.0000
-18.7501 18.4743 0.0000 0.6000 0.0000 0.0000
-18.7001 18.4746 0.0000 0.6000 0.0000 0.0000
-18.6501 18.4750 0.0000 0.6000 0.0000 0.0000
-18.6001 18.4754 0.0000 0.6000 0.0000 0.0000
-18.5501 18.4757 0.0000 0.6000 0.0000 0.0000
-18.5001 18.4761 0.0000 0.6000 0.0000 0.0000
-18.4501 18.4765 0.0000 0.6000 0.0000 0.0000
-18.4001 18.4768 0.0000 0.6000 0.0000 0.0000
-18.3501 18.4772 0.0000 0.6000 0.0000 0.0000
-18.3001 18.4776 0.0000 0.6000 0.0000 0.0000
-18.2501 18.4779 0.0000 0.6000 0.0000 0.0000
-18.2001 18.4783 0.0000 0.6000 0.0000 0.0000
-18.1501 18.4787 0.0000 0.6000 0.0000 0.0000
-18.1001 18.4790 0.0000 0.6000 0.0000 0.0000
-18.0501 18.4794 0.0000 0.6000 0.0000 0.0000
-18.0001 18.4798 0.0000 0.6000 0.0000 0.0000
-17.9501 18.4801 0.0000 0.6000 0.0000 0.0000
-17.9001 18.4805 0.0000 0.6000 0.0000 0.0000
-17.8501 18.4809 0.0000 0.6000 0.0000 0.0000
-17.8001 18.4812 0.0000 0.6000 0.0000 0.0000
-17.7501 18.4816 0.0000 0.6000 0.0000 0.0000
-17.7001 18.4820 0.0000 0.6000 0.0000 0.0000
-17.6501 18.4824 0.0000 0.6000 0.0000 0.0000
-17.6001 18.4827 0.0000 0.6000 0.0000 0.0000
-17.5501 18.4831 0.0000 0.6000 0.0000 0.0000
-17.5001 18.4835 0.0000 0.6000 0.0000 0.0000
-17.4501 18.4838 0.0000 0.6000 0.0000 0.0000
-17.4001 18.4842 0.0000 0.6000 0.0000 0.0000
-17.3501 18.4846 0.0000 0.6000 0.0000 0.0000
-17.3001 18.4849 0.0000 0.6000 0.0000 0.0000
-17.2501 18.4853 0.0000 0.6000 0.0000 0.0000
-17.2001 18.4857 0.0000 0.6000 0.0000 0.0000
-17.1501 18.4860 0.0000 0.6000 0.0000 0.0000
-17.1001 18.4864 0.0000 0.6000 0.0000 0.0000
-17.0501 18.4868 0.0000 0.6000 0.0000 0.0000
-17.0001 18.4871 0.0000 0.6000 0.0000 0.0000
-16.9501 18.4875 0.0000 0.6000 0.0000 0.0000
-16.9001 18.4879 0.0000 0.6000 0.0000 0.0000
-16.8501 18.4882 0.0000 0.6000 0.0000 0.0000
-16.8001 18.4886 0.0000 0.6000 0.0000 0.0000
-16.7501 18.4890 0.0000 0.6000 0.0000 0.0000
-16.7001 18.4893 0.0000 0.6000 0.0000 0.0000
-16.6501 18.4897 0.0000 0.6000 0.0000 0.0000
-16.6001 18.4901 0.0000 0.6000 0.0000 0.0000
-16.5501 18.4904 0.0000 0.6000 0.0000 0.0000
-16.5002 18.4908 0.0000 0.6000 0.0000 0.0000
-16.4502 18.4912 0.0000 0.6000 0.0000 0.0000
-16.4002 18.4915 0.0000 0.6000 0.0000 0.0000
-16.3502 18.4919 0.0000 0.6000 0.0000 0.0000
-16.3002 18.4923 0.0000 0.6000 0.0000 0.0000
-16.2502 18.4926 0.0000 0.6000 0.0000 0.0000
-16.2002 18.4930 0.0000 0.6000 0.0000 0.0000
-16.1502 18.4934 0.0000 0.6000 0.0000 0.0000
-16.1002 18.4937 0.0000 0.6000 0.0000 0.0000
-16.0502 18.4941 0.0000 0.6000 0.0000 0.0000
-16.0002 18.4945 0.0000 0.6000 0.0000 0.0000
-15.9502 18.4949 0.0000 0.6000 0.0000 0.0000
-15.9002 18.4952 0.0000 0.6000 0.0000 0.0000
-15.8502 18.4956 0.0000 0.6000 0.0000 0.0000
-15.8002 18.4960 0.0000 0.6000 0.0000 0.0000
-15.7502 18.4963 0.0000 0.6000 0.0000 0.0000
-15.7002 18.4967 0.0000 0.6000 0.0000 0.0000
-15.6502 18.4971 0.0000 0.6000 0.0000 0.0000
-15.6002 18.4974 0.0000 0.6000 0.0000 0.0000
-15.5502 18.4978 0.0000 0.6000 0.0000 0.0000
-15.5002 18.4982 0.0000 0.6000 0.0000 0.0000
-15.4502 18.4985 0.0000 0.6000 0.0000 0.0000
-15.4002 18.4989 0.0000 0.6000 0.0000 0.0000
-15.3502 18.4993 0.0000 0.6000 0.0000 0.0000
-15.3002 18.4996 0.0000 0.6000 0.0000 0.0000
-15.2502 18.5000 0.0000 0.6000 0.0000 0.0000
-15.2500 18.5000 0.0000 0.6000 0.0000 0.0000
-15.2536 18.4501 0.0000 0.6000 0.0000 0.0000
-15.2572 18.4003 0.0000 0.6000 0.0000 0.0000
-15.2608 18.3504 0.0000 0.6000 0.0000 0.0000
-15.2645 18.3005 0.0000 0.6000 0.0000 0.0000
-15.2681 18.2507 0.0000 0.6000 0.0000 0.0000
-15.2717 18.2008 0.0000 0.6000 0.0000 0.0000
-15.2753 18.1509 0.0000 0.6000 0.0000 0.0000
-15.2789 18.1010 0.0000 0.6000 0.0000 0.0000
-15.2825 18.0512 0.0000 0.6000 0.0000 0.0000
-15.2861 18.0013 0.0000 0.6000 0.0000 0.0000
-15.2898 17.9514 0.0000 0.6000 0.0000 0.0000
-15.2934 17.9016 0.0000 0.6000 0.0000 0.0000
-15.2970 17.8517 0.0000 0.6000 0.0000 0.0000
-15.3006 17.8018 0.0000 0.6000 0.0000 0.0000
-15.3042 17.7520 0.0000 0.6000 0.0000 0.0000
-15.3078 17.7021 0.0000 0.6000 0.0000 0.0000
-15.3114 17.6522 0.0000 0.6000 0.0000 0.0000
-15.3150 17.6024 0.0000 0.6000 0.0000 0.0000
-15.3187 17.5525 0.0000 0.6000 0.0000 0.0000
-15.3223 17.5026 0.0000 0.6000 0.0000 0.0000
-15.3259 17.4527 0.0000 0.6000 0.0000 0.0000
-15.3295 17.4029 0.0000 0.6000 0.0000 0.0000
-15.3331 17.3530 0.0000 0.6000 0.0000 0.0000
-15.3367 17.3031 0.0000 0.6000 0.0000 0.0000
-15.3403 17.2533 0.0000 0.6000 0.0000 0.0000
-15.3440 17.2034 0.0000 0.6000 0.0000 0.0000
-15.3476 17.1535 0.0000 0.6000 0.0000 0.0000
-15.3512 17.1037 0.0000 0.6000 0.0000 0.0000
-15.3548 17.0538 0.0000 0.6000 0.0000 0.0000
-15.3584 17.0039 0.0000 0.6000 0.0000 0.0000
-15.3620 16.9541 0.0000 0.6000 0.0000 0.0000
-15.3656 16.9042 0.0000 0.6000 0.0000 0.0000
-15.3693 16.8543 0.0000 0.6000 0.0000 0.0000
-15.3729 16.8044 0.0000 0.6000 0.0000 0.0000
-15.3765 16.7546 0.0000 0.6000 0.0000 0.0000
-15.3801 16.7047 0.0000 0.6000 0.0000 0.0000
-15.3837 16.6548 0.0000 0.6000 0.0000 0.0000
-15.3873 16.6050 0.0000 0.6000 0.0000 0.0000
-15.3909 16.5551 0.0000 0.6000 0.0000 0.0000
-15.3945 16.5052 0.0000 0.6000 0.0000 0.0000
-15.3982 16.4554 0.0000 0.6000 0.0000 0.0000
-15.4018 16.4055 0.0000 0.6000 0.0000 0.0000
-15.4054 16.3556 0.0000 0.6000 0.0000 0.0000
-15.4090 16.3058 0.0000 0.6000 0.0000 0.0000
-15.4126 16.2559 0.0000 0.5900 0.0000 0.0000
-15.4162 16.2060 0.0000 0.5800 0.0000 0.0000
-15.4198 16.1561 0.0000 0.5700 0.0000 0.0000
-15.4235 16.1063 0.0000 0.5600 0.0000 0.0000
-15.4271 16.0564 0.0000 0.5500 0.0000 0.0000
-15.4307 16.0065 0.0000 0.5400 0.0000 0.0000
-15.4343 15.9567 0.0000 0.5300 0.0000 0.0000
-15.4379 15.9068 0.0000 0.5200 0.0000 0.0000
-15.4415 15.8569 0.0000 0.5100 0.0000 0.0000
-15.4451 15.8071 0.0000 0.5000 0.0000 0.0000
-15.4488 15.7572 0.0000 0.4900 0.0000 0.0000
-15.4524 15.7073 0.0000 0.4800 0.0000 0.0000
-15.4560 15.6575 0.0000 0.4700 0.0000 0.0000
-15.4596 15.6076 0.0000 0.4600 0.0000 0.0000
-15.4632 15.5577 0.0000 0.4500 0.0000 0.0000
-15.4668 15.5078 0.0000 0.4400 0.0000 0.0000
-15.4704 15.4580 0.0000 0.4300 0.0000 0.0000
-15.4741 15.4081 0.0000 0.4200 0.0000 0.0000
-15.4777 15.3582 0.0000 0.4100 0.0000 0.0000
-15.4813 15.3084 0.0000 0.4000 0.0000 0.0000
-15.4849 15.2585 0.0000 0.3900 0.0000 0.0000
-15.4885 15.2086 0.0000 0.3800 0.0000 0.0000
-15.4921 15.1588 0.0000 0.3700 0.0000 0.0000
-15.4957 15.1089 0.0000 0.3600 0.0000 0.0000
-15.4993 15.0590 0.0000 0.3500 0.0000 0.0000
-15.5000 15.0500 0.0000 0.3500 0.0000 0.0000
