-23.7500 18.7000 0.0000 0.3500 0.0000 0.0000
-23.7005 18.6927 0.0000 0.3600 0.0000 0.0000
-23.6511 18.6855 0.0000 0.3700 0.0000 0.0000
-23.6016 18.6782 0.0000 0.3800 0.0000 0.0000
-23.5521 18.6709 0.0000 0.3900 0.0000 0.0000
-23.5027 18.6636 0.0000 0.4000 0.0000 0.0000
-23.4532 18.6564 0.0000 0.4100 0.0000 0.0000
-23.4037 18.6491 0.0000 0.4200 0.0000 0.0000
-23.3543 18.6418 0.0000 0.4300 0.0000 0.0000
-23.3048 18.6345 0.0000 0.4400 0.0000 0.0000
-23.2553 18.6273 0.0000 0.4500 0.0000 0.0000
-23.2059 18.6200 0.0000 0.4600 0.0000 0.0000
-23.1564 18.6127 0.0000 0.4700 0.0000 0.0000
-23.1069 18.6054 0.0000 0.4800 0.0000 0.0000
-23.0574 18.5982 0.0000 0.4900 0.0000 0.0000
-23.0080 18.5909 0.0000 0.5000 0.0000 0.0000
-22.9585 18.5836 0.0000 0.5100 0.0000 0.0000
-22.9090 18.5763 0.0000 0.5200 0.0000 0.0000
-22.8596 18.5691 0.0000 0.5300 0.0000 0.0000
-22.8101 18.5618 0.0000 0.5400 0.0000 0.0000
-22.7606 18.5545 0.0000 0.5500 0.0000 0.0000
-22.7112 18.5472 0.0000 0.5600 0.0000 0.0000
-22.6617 18.5400 0.0000 0.5700 0.0000 0.0000
-22.6122 18.5327 0.0000 0.5800 0.0000 0.0000
-22.5628 18.5254 0.0000 0.5900 0.0000 0.0000
-22.5133 18.5181 0.0000 0.6000 0.0000 0.0000
-22.4638 18.5109 0.0000 0.6000 0.0000 0.0000
-22.4144 18.5036 0.0000 0.6000 0.0000 0.0000
-22.3649 18.4963 0.0000 0.6000 0.0000 0.0000
-22.3154 18.4890 0.0000 0.6000 0.0000 0.0000
-22.2660 18.4818 0.0000 0.6000 0.0000 0.0000
-22.2165 18.4745 0.0000 0.6000 0.0000 0.0000
-22.1670 18.4672 0.0000 0.6000 0.0000 0.0000
-22.1176 18.4599 0.0000 0.6000 0.0000 0.0000
-22.0681 18.4527 0.0000 0.6000 0.0000 0.0000
-22.0500 18.4500 0.0000 0.6000 0.0000 0.0000
-22.0000 18.4504 0.0000 0.6000 0.0000 0.0000
-21.9500 18.4507 0.0000 0.6000 0.0000 0.0000
-21.9000 18.4511 0.0000 0.6000 0.0000 0.0000
-21.8500 18.4515 0.0000 0.6000 0.0000 0.0000
-21.8000 18.4518 0.0000 0.6000 0.0000 0.0000
-21.7500 18.4522 0.0000 0.6000 0.0000 0.0000
-21.7000 18.4526 0.0000 0.6000 0.0000 0.0000
-21.6500 18.4529 0.0000 0.6000 0.0000 0.0000
-21.6000 18.4533 0.0000 0.6000 0.0000 0.0000
-21.5500 18.4537 0.0000 0.6000 0.0000 0.0000
-21.5000 18.4540 0.0000 0.6000 0.0000 0.0000
-21.4500 18.4544 0.0000 0.6000 0.0000 0.0000
-21.4000 18.4548 0.0000 0.6000 0.0000 0.0000
-21.3500 18.4551 0.0000 0.6000 0.0000 0.0000
-21.3000 18.4555 0.0000 0.6000 0.0000 0.0000
-21.2500 18.4559 0.0000 0.6000 0.0000 0.0000
-21.2000 18.4562 0.0000 0.6000 0.0000 0.0000
-21.1500 18.4566 0.0000 0.6000 0.0000 0.0000
-21.1000 18.4570 0.0000 0.6000 0.0000 0.0000
-21.0500 18.4574 0.0000 0.6000 0.0000 0.0000
-21.0000 18.4577 0.0000 0.6000 0.0000 0.0000
-20.9500 18.4581 0.0000 0.6000 0.0000 0.0000
-20.9000 18.4585 0.0000 0.6000 0.0000 0.0000
-20.8500 18.4588 0.0000 0.6000 0.0000 0.0000
-20.8000 18.4592 0.0000 0.6000 0.0000 0.0000
-20.7500 18.4596 0.0000 0.6000 0.0000 0.0000
-20.7000 18.4599 0.0000 0.6000 0.0000 0.0000
-20.6500 18.4603 0.0000 0.6000 0.0000 0.0000
-20.6000 18.4607 0.0000 0.6000 0.0000 0.0000
-20.5500 18.4610 0.0000 0.6000 0.0000 0.0000
-20.5000 18.4614 0.0000 0.6000 0.0000 0.0000
-20.4500 18.4618 0.0000 0.6000 0.0000 0.0000
-20.4000 18.4621 0.0000 0.6000 0.0000 0.0000
-20.3500 18.4625 0.0000 0.6000 0.0000 0.0000
-20.3000 18.4629 0.0000 0.6000 0.0000 0.0000
-20.2500 18.4632 0.0000 0.6000 0.0000 0.0000
-20.2001 18.4636 0.0000 0.6000 0.0000 0.0000
-20.1501 18.4640 0.0000 0.6000 0.0000 0.0000
-20.1001 18.4643 0.0000 0.6000 0.0000 0.0000
-20.0501 18.4647 0.0000 0.6000 0.0000 0.0000
-20.0001 18.4651 0.0000 0.6000 0.0000 0.0000
-19.9501 18.4654 0.0000 0.6000 0.0000 0.0000
-19.9001 18.4658 0.0000 0.6000 0.0000 0.0000
-19.8501 18.4662 0.0000 0.6000 0.0000 0.0000
-19.8001 18.4665 0.0000 0.6000 0.0000 0.0000
-19.7501 18.4669 0.0000 0.6000 0.0000 0.0000
-19.7001 18.4673 0.0000 0.6000 0.0000 0.0000
-19.6501 18.4676 0.0000 0.6000 0.0000 0.0000
-19.6001 18.4680 0.0000 0.6000 0.0000 0.0000
-19.5501 18.4684 0.0000 0.6000 0.0000 0.0000
-19.5001 18.4687 0.0000 0.6000 0.0000 0.0000
-19.4501 18.4691 0.0000 0.6000 0.0000 0.0000
-19.4001 18.4695 0.0000 0.6000 0.0000 0.0000
-19.3501 18.4699 0.0000 0.6000 0.0000 0.0000
-19.3001 18.4702 0.0000 0.6000 0.0000 0.0000
-19.2501 18.4706 0.0000 0.6000 0.0000 0.0000
-19.2001 18.4710 0.0000 0.6000 0.0000 0.0000
-19.1501 18.4713 0.0000 0.6000 0.0000 0.0000
-19.1001 18.4717 0.0000 0.6000 0.0000 0.0000
-19.0501 18.4721 0.0000 0.6000 0.0000 0.0000
-19.0001 18.4724 0.0000 0.6000 0.0000 0.0000
-18.9501 18.4728 0.0000 0.6000 0.0000 0.0000
-18.9001 18.4732 0.0000 0.6000 0.0000 0.0000
-18.8501 18.4735 0.0000 0.6000 0.0000 0.0000
-18.8001 18.4739 0.0000 0.6000 0.0000 0.0000
-18.7501 18.4743 0.0000 0.6000 0.0000 0.0000
-18.7001 18.4746 0.0000 0.6000 0.0000 0.0000
-18.6501 18.4750 0.0000 0.6000 0.0000 0.0000
-18.6001 18.4754 0.0000 0.6000 0.0000 0.0000
-18.5501 18.4757 0.0000 0.6000 0.0000 0.0000
-18.5001 18.4761 0.0000 0.6000 0.0000 0.0000
-18.4501 18.4765 0.0000 0.6000 0.0000 0.0000
-18.4001 18.4768 0.0000 0.6000 0.0000 0.0000
-18.3501 18.4772 0.0000 0.6000 0.0000 0.0000
-18.3001 18.4776 0.0000 0.6000 0.0000 0.0000
-18.2501 18.4779 0.0000 0.6000 0.0000 0.0000
-18.2001 18.4783 0.0000 0.6000 0.0000 0.0000
-18.1501 18.4787 0.0000 0.6000 0.0000 0.0000
-18.1001 18.4790 0.0000 0.6000 0.0000 0.0000
-18.0501 18.4794 0.0000 0.6000 0.0000 0.0000
-18.0001 18.4798 0.0000 0.6000 0.0000 0.0000
-17.9501 18.4801 0.0000 0.6000 0.0000 0.0000
-17.9001 18.4805 0.0000 0.6000 0.0000 0.0000
-17.8501 18.4809 0.0000 0.6000 0.0000 0.0000
-17.8001 18.4812 0.0000 0.6000 0.0000 0.0000
-17.7501 18.4816 0.0000 0.6000 0.0000 0.0000
-17.7001 18.4820 0.0000 0.6000 0.0000 0.0000
-17.6501 18.4824 0.0000 0.6000 0.0000 0.0000
-17.6001 18.4827 0.0000 0.6000 0.0000 0.0000
-17.5501 18.4831 0.0000 0.6000 0.0000 0.0000
-17.5001 18.4835 0.0000 0.6000 0.0000 0.0000
-17.4501 18.4838 0.0000 0.6000 0.0000 0.0000
-17.4001 18.4842 0.0000 0.6000 0.0000 0.0000
-17.3501 18.4846 0.0000 0.6000 0.0000 0.0000
-17.3001 18.4849 0.0000 0.6000 0.0000 0.0000
-17.2501 18.4853 0.0000 0.6000 0.0000 0.0000
-17.2001 18.4857 0.0000 0.6000 0.0000 0.0000
-17.1501 18.4860 0.0000 0.6000 0.0000 0.0000
-17.1001 18.4864 0.0000 0.6000 0.0000 0.0000
-17.0501 18.4868 0.0000 0.6000 0.0000 0.0000
-17.0001 18.4871 0.0000 0.6000 0.0000 0.0000
-16.9501 18.4875 0.0000 0.6000 0.0000 0.0000
-16.9001 18.4879 0.0000 0.6000 0.0000 0.0000
-16.8501 18.4882 0.0000 0.6000 0.0000 0.0000
-16.8001 18.4886 0.0000 0.6000 0.0000 0.0000
-16.7501 18.4890 0.0000 0.6000 0.0000 0.0000
-16.7001 18.4893 0.0000 0.6000 0.0000 0.0000
-16.6501 18.4897 0.0000 0.6000 0.0000 0.0000
-16.6001 18.4901 0.0000 0.6000 0.0000 0.0000
-16.5501 18.4904 0.0000 0.6000 0.0000 0.0000
-16.5002 18.4908 0.0000 0.6000 0.0000 0.0000
-16.4502 18.4912 0.0000 0.6000 0.0000 0.0000
-16.4002 18.4915 0.0000 0.6000 0.0000 0.0000
-16.3502 18.4919 0.0000 0.6000 0.0000 0.0000
-16.3002 18.4923 0.0000 0.6000 0.0000 0.0000
-16.2502 18.4926 0.0000 0.6000 0.0000 0.0000
-16.2002 18.4930 0.0000 0.6000 0.0000 0.0000
-16.1502 18.4934 0.0000 0.6000 0.0000 0.0000
-16.1002 18.4937 0.0000 0.6000 0.0000 0.0000
-16.0502 18.4941 0.0000 0.6000 0.0000 0.0000
-16.0002 18.4945 0.0000 0.6000 0.0000 0.0000
-15.9502 18.4949 0.0000 0.6000 0.0000 0.0000
-15.9002 18.4952 0.0000 0.6000 0.0000 0.0000
-15.8502 18.4956 0.0000 0.6000 0.0000 0.0000
-15.8002 18.4960 0.0000 0.6000 0.0000 0.0000
-15.7502 18.4963 0.0000 0.6000 0.0000 0.0000
-15.7002 18.4967 0.0000 0.6000 0.0000 0.0000
-15.6502 18.4971 0.0000 0.6000 0.0000 0.0000
-15.6002 18.4974 0.0000 0.6000 0.0000 0.0000
-15.5502 18.4978 0.0000 0.6000 0.0000 0.0000
-15.5002 18.4982 0.0000 0.6000 0.0000 0.0000
-15.4502 18.4985 0.0000 0.6000 0.0000 0.0000
-15.4002 18.4989 0.0000 0.6000 0.0000 0.0000
-15.3502 18.4993 0.0000 0.6000 0.0000 0.0000
-15.3002 18.4996 0.0000 0.6000 0.0000 0.0000
-15.2502 18.5000 0.0000 0.6000 0.0000 0.0000
-15.2500 18.5000 0.0000 0.6000 0.0000 0.0000
-15.2000 18.5019 0.0000 0.6000 0.0000 0.0000
-15.1501 18.5037 0.0000 0.6000 0.0000 0.0000
-15.1001 18.5056 0.0000 0.6000 0.0000 0.0000
-15.0501 18.5075 0.0000 0.6000 0.0000 0.0000
-15.0002 18.5093 0.0000 0.6000 0.0000 0.0000
-14.9502 18.5112 0.0000 0.6000 0.0000 0.0000
-14.9002 18.5131 0.0000 0.6000 0.0000 0.0000
-14.8503 18.5149 0.0000 0.6000 0.0000 0.0000
-14.8003 18.5168 0.0000 0.6000 0.0000 0.0000
-14.7503 18.5187 0.0000 0.6000 0.0000 0.0000
-14.7004 18.5205 0.0000 0.6000 0.0000 0.0000
-14.6504 18.5224 0.0000 0.6000 0.0000 0.0000
-14.6005 18.5243 0.0000 0.6000 0.0000 0.0000
-14.5505 18.5261 0.0000 0.6000 0.0000 0.0000
-14.5005 18.5280 0.0000 0.6000 0.0000 0.0000
-14.4506 18.5299 0.0000 0.6000 0.0000 0.0000
-14.4006 18.5318 0.0000 0.6000 0.0000 0.0000
-14.3506 18.5336 0.0000 0.6000 0.0000 0.0000
-14.3007 18.5355 0.0000 0.6000 0.0000 0.0000
-14.2507 18.5374 0.0000 0.6000 0.0000 0.0000
-14.2007 18.5392 0.0000 0.6000 0.0000 0.0000
-14.1508 18.5411 0.0000 0.6000 0.0000 0.0000
-14.1008 18.5430 0.0000 0.6000 0.0000 0.0000
-14.0508 18.5448 0.0000 0.6000 0.0000 0.0000
-14.0009 18.5467 0.0000 0.6000 0.0000 0.0000
-13.9509 18.5486 0.0000 0.6000 0.0000 0.0000
-13.9009 18.5504 0.0000 0.6000 0.0000 0.0000
-13.8510 18.5523 0.0000 0.6000 0.0000 0.0000
-13.8010 18.5542 0.0000 0.6000 0.0000 0.0000
-13.7510 18.5560 0.0000 0.6000 0.0000 0.0000
-13.7011 18.5579 0.0000 0.6000 0.0000 0.0000
-13.6511 18.5598 0.0000 0.6000 0.0000 0.0000
-13.6012 18.5616 0.0000 0.6000 0.0000 0.0000
-13.5512 18.5635 0.0000 0.6000 0.0000 0.0000
-13.5012 18.5654 0.0000 0.6000 0.0000 0.0000
-13.4513 18.5672 0.0000 0.6000 0.0000 0.0000
-13.4013 18.5691 0.0000 0.6000 0.0000 0.0000
-13.3513 18.5710 0.0000 0.6000 0.0000 0.0000
-13.3014 18.5728 0.0000 0.6000 0.0000 0.0000
-13.2514 18.5747 0.0000 0.6000 0.0000 0.0000
-13.2014 18.5766 0.0000 0.6000 0.0000 0.0000
-13.1515 18.5784 0.0000 0.6000 0.0000 0.0000
-13.1015 18.5803 0.0000 0.6000 0.0000 0.0000
-13.0515 18.5822 0.0000 0.6000 0.0000 0.0000
-13.0016 18.5841 0.0000 0.6000 0.0000 0.0000
-12.9516 18.5859 0.0000 0.6000 0.0000 0.0000
-12.9016 18.5878 0.0000 0.6000 0.0000 0.0000
-12.8517 18.5897 0.0000 0.6000 0.0000 0.0000
-12.8017 18.5915 0.0000 0.6000 0.0000 0.0000
-12.7517 18.5934 0.0000 0.6000 0.0000 0.0000
-12.7018 18.5953 0.0000 0.6000 0.0000 0.0000
-12.6518 18.5971 0.0000 0.6000 0.0000 0.0000
-12.6018 18.5990 0.0000 0.6000 0.0000 0.0000
-12.5519 18.6009 0.0000 0.6000 0.0000 0.0000
-12.5019 18.6027 0.0000 0.6000 0.0000 0.0000
-12.4520 18.6046 0.0000 0.6000 0.0000 0.0000
-12.4020 18.6065 0.0000 0.6000 0.0000 0.0000
-12.3520 18.6083 0.0000 0.6000 0.0000 0.0000
-12.3021 18.6102 0.0000 0.6000 0.0000 0.0000
-12.2521 18.6121 0.0000 0.6000 0.0000 0.0000
-12.2021 18.6139 0.0000 0.6000 0.0000 0.0000
-12.1522 18.6158 0.0000 0.6000 0.0000 0.0000
-12.1022 18.6177 0.0000 0.6000 0.0000 0.0000
-12.0522 18.6195 0.0000 0.6000 0.0000 0.0000
-12.0023 18.6214 0.0000 0.6000 0.0000 0.0000
-11.9523 18.6233 0.0000 0.6000 0.0000 0.0000
-11.9023 18.6251 0.0000 0.6000 0.0000 0.0000
-11.8524 18.6270 0.0000 0.6000 0.0000 0.0000
-11.8024 18.6289 0.0000 0.6000 0.0000 0.0000
-11.7524 18.6307 0.0000 0.6000 0.0000 0.0000
-11.7025 18.6326 0.0000 0.6000 0.0000 0.0000
-11.6525 18.6345 0.0000 0.6000 0.0000 0.0000
-11.6025 18.6364 0.0000 0.6000 0.0000 0.0000
-11.5526 18.6382 0.0000 0.6000 0.0000 0.0000
-11.5026 18.6401 0.0000 0.6000 0.0000 0.0000
-11.4527 18.6420 0.0000 0.6000 0.0000 0.0000
-11.4027 18.6438 0.0000 0.6000 0.0000 0.0000
-11.3527 18.6457 0.0000 0.6000 0.0000 0.0000
-11.3028 18.6476 0.0000 0.6000 0.0000 0.0000
-11.2528 18.6494 0.0000 0.6000 0.0000 0.0000
-11.2028 18.6513 0.0000 0.6000 0.0000 0.0000
-11.1529 18.6532 0.0000 0.6000 0.0000 0.0000
-11.1029 18.6550 0.0000 0.5900 0.0000 0.0000
-11.0529 18.6569 0.0000 0.5800 0.0000 0.0000
-11.0030 18.6588 0.0000 0.5700 0.0000 0.0000
-10.9530 18.6606 0.0000 0.5600 0.0000 0.0000
-10.9030 18.6625 0.0000 0.5500 0.0000 0.0000
-10.8531 18.6644 0.0000 0.5400 0.0000 0.0000
-10.8031 18.6662 0.0000 0.5300 0.0000 0.0000
-10.7531 18.6681 0.0000 0.5200 0.0000 0.0000
-10.7032 18.6700 0.0000 0.5100 0.0000 0.0000
-10.6532 18.6718 0.0000 0.5000 0.0000 0.0000
-10.6032 18.6737 0.0000 0.4900 0.0000 0.0000
-10.5533 18.6756 0.0000 0.4800 0.0000 0.0000
-10.5033 18.6774 0.0000 0.4700 0.0000 0.0000
-10.4534 18.6793 0.0000 0.4600 0.0000 0.0000
-10.4034 18.6812 0.0000 0.4500 0.0000 0.0000
-10.3534 18.6830 0.0000 0.4400 0.0000 0.0000
-10.3035 18.6849 0.0000 0.4300 0.0000 0.0000
-10.2535 18.6868 0.0000 0.4200 0.0000 0.0000
-10.2035 18.6887 0.0000 0.4100 0.0000 0.0000
-10.1536 18.6905 0.0000 0.4000 0.0000 0.0000
-10.1036 18.6924 0.0000 0.3900 0.0000 0.0000
-10.0536 18.6943 0.0000 0.3800 0.0000 0.0000
-10.0037 18.6961 0.0000 0.3700 0.0000 0.0000
-9.9537 18.6980 0.0000 0.3600 0.0000 0.0000
-9.9037 18.6999 0.0000 0.3500 0.0000 0.0000
-9.9000 18.7000 0.0000 0.3500 0.0000 0.0000
