-15.2500 18.5000 0.0000 0.3500 0.0000 0.0000
-15.2464 18.4501 0.0000 0.3600 0.0000 0.0000
-15.2429 18.4003 0.0000 0.3700 0.0000 0.0000
-15.2393 18.3504 0.0000 0.3800 0.0000 0.0000
-15.2358 18.3005 0.0000 0.3900 0.0000 0.0000
-15.2322 18.2506 0.0000 0.4000 0.0000 0.0000
-15.2286 18.2008 0.0000 0.4100 0.0000 0.0000
-15.2251 18.1509 0.0000 0.4200 0.0000 0.0000
-15.2215 18.1010 0.0000 0.4300 0.0000 0.0000
-15.2179 18.0511 0.0000 0.4400 0.0000 0.0000
-15.2144 18.0013 0.0000 0.4500 0.0000 0.0000
-15.2108 17.9514 0.0000 0.4600 0.0000 0.0000
-15.2073 17.9015 0.0000 0.4700 0.0000 0.0000
-15.2037 17.8517 0.0000 0.4800 0.0000 0.0000
-15.2001 17.8018 0.0000 0.4900 0.0000 0.0000
-15.1966 17.7519 0.0000 0.5000 0.0000 0.0000
-15.1930 17.7020 0.0000 0.5100 0.0000 0.0000
-15.1894 17.6522 0.0000 0.5200 0.0000 0.0000
-15.1859 17.6023 0.0000 0.5300 0.0000 0.0000
-15.1823 17.5524 0.0000 0.5400 0.0000 0.0000
-15.1788 17.5025 0.0000 0.5500 0.0000 0.0000
-15.1752 17.4527 0.0000 0.5600 0.0000 0.0000
-15.1716 17.4028 0.0000 0.5700 0.0000 0.0000
-15.1681 17.3529 0.0000 0.5800 0.0000 0.0000
-15.1645 17.3030 0.0000 0.5900 0.0000 0.0000
-15.1609 17.2532 0.0000 0.6000 0.0000 0.0000
-15.1574 17.2033 0.0000 0.6000 0.0000 0.0000
-15.1538 17.1534 0.0000 0.6000 0.0000 0.0000
-15.1503 17.1036 0.0000 0.6000 0.0000 0.0000
-15.1500 17.1000 0.0000 0.6000 0.0000 0.0000
-15.1870 17.0664 0.0000 0.6000 0.0000 0.0000
-15.2240 17.0327 0.0000 0.6000 0.0000 0.0000
-15.2610 16.9991 0.0000 0.6000 0.0000 0.0000
-15.2980 16.9655 0.0000 0.6000 0.0000 0.0000
-15.3350 16.9318 0.0000 0.6000 0.0000 0.0000
-15.3720 16.8982 0.0000 0.6000 0.0000 0.0000
-15.4090 16.8646 0.0000 0.6000 0.0000 0.0000
-15.4460 16.8309 0.0000 0.6000 0.0000 0.0000
-15.4830 16.7973 0.0000 0.6000 0.0000 0.0000
-15.5200 16.7637 0.0000 0.6000 0.0000 0.0000
-15.5570 16.7300 0.0000 0.6000 0.0000 0.0000
-15.5940 16.6964 0.0000 0.6000 0.0000 0.0000
-15.6310 16.6628 0.0000 0.6000 0.0000 0.0000
-15.6680 16.6291 0.0000 0.6000 0.0000 0.0000
-15.7050 16.5955 0.0000 0.6000 0.0000 0.0000
-15.7420 16.5619 0.0000 0.6000 0.0000 0.0000
-15.7789 16.5282 0.0000 0.6000 0.0000 0.0000
-15.8159 16.4946 0.0000 0.6000 0.0000 0.0000
-15.8529 16.4610 0.0000 0.6000 0.0000 0.0000
-15.8899 16.4273 0.0000 0.6000 0.0000 0.0000
-15.9269 16.3937 0.0000 0.6000 0.0000 0.0000
-15.9639 16.3601 0.0000 0.6000 0.0000 0.0000
-16.0009 16.3264 0.0000 0.6000 0.0000 0.0000
-16.0379 16.2928 0.0000 0.6000 0.0000 0.0000
-16.0749 16.2592 0.0000 0.6000 0.0000 0.0000
-16.1119 16.2255 0.0000 0.6000 0.0000 0.0000
-16.1489 16.1919 0.0000 0.6000 0.0000 0.0000
-16.1859 16.1583 0.0000 0.6000 0.0000 0.0000
-16.2229 16.1246 0.0000 0.6000 0.0000 0.0000
-16.2599 16.0910 0.0000 0.6000 0.0000 0.0000
-16.2969 16.0574 0.0000 0.6000 0.0000 0.0000
-16.3339 16.0237 0.0000 0.6000 0.0000 0.0000
-16.3709 15.9901 0.0000 0.6000 0.0000 0.0000
-16.4079 15.9565 0.0000 0.6000 0.0000 0.0000
-16.4449 15.9228 0.0000 0.6000 0.0000 0.0000
-16.4819 15.8892 0.0000 0.6000 0.0000 0.0000
-16.5189 15.8556 0.0000 0.6000 0.0000 0.0000
-16.5559 15.8219 0.0000 0.6000 0.0000 0.0000
-16.5929 15.7883 0.0000 0.6000 0.0000 0.0000
-16.6299 15.7547 0.0000 0.6000 0.0000 0.0000
-16.6669 15.7210 0.0000 0.6000 0.0000 0.0000
-16.7039 15.6874 0.0000 0.6000 0.0000 0.0000
-16.7409 15.6538 0.0000 0.6000 0.0000 0.0000
-16.7779 15.6201 0.0000 0.6000 0.0000 0.0000
-16.8000 15.6000 0.0000 0.6000 0.0000 0.0000
-16.8013 15.5500 0.0000 0.6000 0.0000 0.0000
-16.8026 15.5000 0.0000 0.6000 0.0000 0.0000
-16.8039 15.4501 0.0000 0.6000 0.0000 0.0000
-16.8052 15.4001 0.0000 0.6000 0.0000 0.0000
-16.8065 15.3501 0.0000 0.6000 0.0000 0.0000
-16.8078 15.3001 0.0000 0.6000 0.0000 0.0000
-16.8090 15.2501 0.0000 0.6000 0.0000 0.0000
-16.8103 15.2001 0.0000 0.6000 0.0000 0.0000
-16.8116 15.1502 0.0000 0.6000 0.0000 0.0000
-16.8129 15.1002 0.0000 0.6000 0.0000 0.0000
-16.8142 15.0502 0.0000 0.6000 0.0000 0.0000
-16.8155 15.0002 0.0000 0.6000 0.0000 0.0000
-16.8168 14.9502 0.0000 0.6000 0.0000 0.0000
-16.8181 14.9002 0.0000 0.6000 0.0000 0.0000
-16.8194 14.8503 0.0000 0.6000 0.0000 0.0000
-16.8207 14.8003 0.0000 0.6000 0.0000 0.0000
-16.8220 14.7503 0.0000 0.6000 0.0000 0.0000
-16.8233 14.7003 0.0000 0.6000 0.0000 0.0000
-16.8246 14.6503 0.0000 0.6000 0.0000 0.0000
-16.8259 14.6003 0.0000 0.6000 0.0000 0.0000
-16.8271 14.5504 0.0000 0.6000 0.0000 0.0000
-16.8284 14.5004 0.0000 0.6000 0.0000 0.0000
-16.8297 14.4504 0.0000 0.6000 0.0000 0.0000
-16.8310 14.4004 0.0000 0.6000 0.0000 0.0000
-16.8323 14.3504 0.0000 0.6000 0.0000 0.0000
-16.8336 14.3004 0.0000 0.6000 0.0000 0.0000
-16.8349 14.2505 0.0000 0.6000 0.0000 0.0000
-16.8362 14.2005 0.0000 0.6000 0.0000 0.0000
-16.8375 14.1505 0.0000 0.6000 0.0000 0.0000
-16.8388 14.1005 0.0000 0.6000 0.0000 0.0000
-16.8401 14.0505 0.0000 0.6000 0.0000 0.0000
-16.8414 14.0005 0.0000 0.6000 0.0000 0.0000
-16.8427 13.9506 0.0000 0.6000 0.0000 0.0000
-16.8440 13.9006 0.0000 0.6000 0.0000 0.0000
-16.8452 13.8506 0.0000 0.6000 0.0000 0.0000
-16.8465 13.8006 0.0000 0.6000 0.0000 0.0000
-16.8478 13.7506 0.0000 0.6000 0.0000 0.0000
-16.8491 13.7006 0.0000 0.6000 0.0000 0.0000
-16.8504 13.6507 0.0000 0.6000 0.0000 0.0000
-16.8517 13.6007 0.0000 0.6000 0.0000 0.0000
-16.8530 13.5507 0.0000 0.6000 0.0000 0.0000
-16.8543 13.5007 0.0000 0.6000 0.0000 0.0000
-16.8556 13.4507 0.0000 0.6000 0.0000 0.0000
-16.8569 13.4007 0.0000 0.6000 0.0000 0.0000
-16.8582 13.3508 0.0000 0.6000 0.0000 0.0000
-16.8595 13.3008 0.0000 0.6000 0.0000 0.0000
-16.8608 13.2508 0.0000 0.6000 0.0000 0.0000
-16.8620 13.2008 0.0000 0.6000 0.0000 0.0000
-16.8633 13.1508 0.0000 0.6000 0.0000 0.0000
-16.8646 13.1008 0.0000 0.6000 0.0000 0.0000
-16.8659 13.0509 0.0000 0.6000 0.0000 0.0000
-16.8672 13.0009 0.0000 0.6000 0.0000 0.0000
-16.8685 12.9509 0.0000 0.6000 0.0000 0.0000
-16.8698 12.9009 0.0000 0.6000 0.0000 0.0000
-16.8711 12.8509 0.0000 0.6000 0.0000 0.0000
-16.8724 12.8009 0.0000 0.6000 0.0000 0.0000
-16.8737 12.7510 0.0000 0.6000 0.0000 0.0000
-16.8750 12.7010 0.0000 0.6000 0.0000 0.0000
-16.8763 12.6510 0.0000 0.6000 0.0000 0.0000
-16.8776 12.6010 0.0000 0.6000 0.0000 0.0000
-16.8789 12.5510 0.0000 0.6000 0.0000 0.0000
-16.8801 12.5010 0.0000 0.6000 0.0000 0.0000
-16.8814 12.4511 0.0000 0.6000 0.0000 0.0000
-16.8827 12.4011 0.0000 0.6000 0.0000 0.0000
-16.8840 12.3511 0.0000 0.6000 0.0000 0.0000
-16.8853 12.3011 0.0000 0.6000 0.0000 0.0000
-16.8866 12.2511 0.0000 0.6000 0.0000 0.0000
-16.8879 12.2011 0.0000 0.6000 0.0000 0.0000
-16.8892 12.1512 0.0000 0.6000 0.0000 0.0000
-16.8905 12.1012 0.0000 0.6000 0.0000 0.0000
-16.8918 12.0512 0.0000 0.6000 0.0000 0.0000
-16.8931 12.0012 0.0000 0.6000 0.0000 0.0000
-16.8944 11.9512 0.0000 0.6000 0.0000 0.0000
-16.8957 11.9012 0.0000 0.6000 0.0000 0.0000
-16.8970 11.8513 0.0000 0.6000 0.0000 0.0000
-16.8982 11.8013 0.0000 0.6000 0.0000 0.0000
-16.8995 11.7513 0.0000 0.6000 0.0000 0.0000
-16.9008 11.7013 0.0000 0.6000 0.0000 0.0000
-16.9021 11.6513 0.0000 0.6000 0.0000 0.0000
-16.9034 11.6013 0.0000 0.6000 0.0000 0.0000
-16.9047 11.5514 0.0000 0.6000 0.0000 0.0000
-16.9060 11.5014 0.0000 0.6000 0.0000 0.0000
-16.9073 11.4514 0.0000 0.6000 0.0000 0.0000
-16.9086 11.4014 0.0000 0.6000 0.0000 0.0000
-16.9099 11.3514 0.0000 0.6000 0.0000 0.0000
-16.9112 11.3014 0.0000 0.6000 0.0000 0.0000
-16.9125 11.2515 0.0000 0.6000 0.0000 0.0000
-16.9138 11.2015 0.0000 0.6000 0.0000 0.0000
-16.9150 11.1515 0.0000 0.6000 0.0000 0.0000
-16.9163 11.1015 0.0000 0.6000 0.0000 0.0000
-16.9176 11.0515 0.0000 0.6000 0.0000 0.0000
-16.9189 11.0015 0.0000 0.5900 0.0000 0.0000
-16.9202 10.9516 0.0000 0.5800 0.0000 0.0000
-16.9215 10.9016 0.0000 0.5700 0.0000 0.0000
-16.9228 10.8516 0.0000 0.5600 0.0000 0.0000
-16.9241 10.8016 0.0000 0.5500 0.0000 0.0000
-16.9254 10.7516 0.0000 0.5400 0.0000 0.0000
-16.9267 10.7016 0.0000 0.5300 0.0000 0.0000
-16.9280 10.6517 0.0000 0.5200 0.0000 0.0000
-16.9293 10.6017 0.0000 0.5100 0.0000 0.0000
-16.9306 10.5517 0.0000 0.5000 0.0000 0.0000
-16.9319 10.5017 0.0000 0.4900 0.0000 0.0000
-16.9331 10.4517 0.0000 0.4800 0.0000 0.0000
-16.9344 10.4017 0.0000 0.4700 0.0000 0.0000
-16.9357 10.3518 0.0000 0.4600 0.0000 0.0000
-16.9370 10.3018 0.0000 0.4500 0.0000 0.0000
-16.9383 10.2518 0.0000 0.4400 0.0000 0.0000
-16.9396 10.2018 0.0000 0.4300 0.0000 0.0000
-16.9409 10.1518 0.0000 0.4200 0.0000 0.0000
-16.9422 10.1018 0.0000 0.4100 0.0000 0.0000
-16.9435 10.0519 0.0000 0.4000 0.0000 0.0000
-16.9448 10.0019 0.0000 0.3900 0.0000 0.0000
-16.9461 9.9519 0.0000 0.3800 0.0000 0.0000
-16.9474 9.9019 0.0000 0.3700 0.0000 0.0000
-16.9487 9.8519 0.0000 0.3600 0.0000 0.0000
-16.9499 9.8019 0.0000 0.3500 0.0000 0.0000
-16.9500 9.8000 0.0000 0.3500 0.0000 0.0000
