-15.2500 18.5000 0.0000 0.3500 0.0000 0.0000
-15.3000 18.5004 0.0000 0.3600 0.0000 0.0000
-15.3500 18.5007 0.0000 0.3700 0.0000 0.0000
-15.4000 18.5011 0.0000 0.3800 0.0000 0.0000
-15.4500 18.5015 0.0000 0.3900 0.0000 0.0000
-15.5000 18.5018 0.0000 0.4000 0.0000 0.0000
-15.5500 18.5022 0.0000 0.4100 0.0000 0.0000
-15.6000 18.5026 0.0000 0.4200 0.0000 0.0000
-15.6500 18.5029 0.0000 0.4300 0.0000 0.0000
-15.7000 18.5033 0.0000 0.4400 0.0000 0.0000
-15.7500 18.5037 0.0000 0.4500 0.0000 0.0000
-15.8000 18.5040 0.0000 0.4600 0.0000 0.0000
-15.8500 18.5044 0.0000 0.4700 0.0000 0.0000
-15.9000 18.5048 0.0000 0.4800 0.0000 0.0000
-15.9500 18.5051 0.0000 0.4900 0.0000 0.0000
-16.0000 18.5055 0.0000 0.5000 0.0000 0.0000
-16.0500 18.5059 0.0000 0.5100 0.0000 0.0000
-16.1000 18.5062 0.0000 0.5200 0.0000 0.0000
-16.1500 18.5066 0.0000 0.5300 0.0000 0.0000
-16.2000 18.5070 0.0000 0.5400 0.0000 0.0000
-16.2500 18.5074 0.0000 0.5500 0.0000 0.0000
-16.3000 18.5077 0.0000 0.5600 0.0000 0.0000
-16.3500 18.5081 0.0000 0.5700 0.0000 0.0000
-16.4000 18.5085 0.0000 0.5800 0.0000 0.0000
-16.4500 18.5088 0.0000 0.5900 0.0000 0.0000
-16.5000 18.5092 0.0000 0.6000 0.0000 0.0000
-16.5500 18.5096 0.0000 0.6000 0.0000 0.0000
-16.6000 18.5099 0.0000 0.6000 0.0000 0.0000
-16.6500 18.5103 0.0000 0.6000 0.0000 0.0000
-16.7000 18.5107 0.0000 0.6000 0.0000 0.0000
-16.7500 18.5110 0.0000 0.6000 0.0000 0.0000
-16.8000 18.5114 0.0000 0.6000 0.0000 0.0000
-16.8500 18.5118 0.0000 0.6000 0.0000 0.0000
-16.9000 18.5121 0.0000 0.6000 0.0000 0.0000
-16.9500 18.5125 0.0000 0.6000 0.0000 0.0000
-17.0000 18.5129 0.0000 0.6000 0.0000 0.0000
-17.0500 18.5132 0.0000 0.6000 0.0000 0.0000
-17.0999 18.5136 0.0000 0.6000 0.0000 0.0000
-17.1499 18.5140 0.0000 0.6000 0.0000 0.0000
-17.1999 18.5143 0.0000 0.6000 0.0000 0.0000
-17.2499 18.5147 0.0000 0.6000 0.0000 0.0000
-17.2999 18.5151 0.0000 0.6000 0.0000 0.0000
-17.3499 18.5154 0.0000 0.6000 0.0000 0.0000
-17.3999 18.5158 0.0000 0.6000 0.0000 0.0000
-17.4499 18.5162 0.0000 0.6000 0.0000 0.0000
-17.4999 18.5165 0.0000 0.6000 0.0000 0.0000
-17.5499 18.5169 0.0000 0.6000 0.0000 0.0000
-17.5999 18.5173 0.0000 0.6000 0.0000 0.0000
-17.6499 18.5176 0.0000 0.6000 0.0000 0.0000
-17.6999 18.5180 0.0000 0.6000 0.0000 0.0000
-17.7499 18.5184 0.0000 0.6000 0.0000 0.0000
-17.7999 18.5187 0.0000 0.6000 0.0000 0.0000
-17.8499 18.5191 0.0000 0.6000 0.0000 0.0000
-17.8999 18.5195 0.0000 0.6000 0.0000 0.0000
-17.9499 18.5199 0.0000 0.6000 0.0000 0.0000
-17.9999 18.5202 0.0000 0.6000 0.0000 0.0000
-18.0499 18.5206 0.0000 0.6000 0.0000 0.0000
-18.0999 18.5210 0.0000 0.6000 0.0000 0.0000
-18.1499 18.5213 0.0000 0.6000 0.0000 0.0000
-18.1999 18.5217 0.0000 0.6000 0.0000 0.0000
-18.2499 18.5221 0.0000 0.6000 0.0000 0.0000
-18.2999 18.5224 0.0000 0.6000 0.0000 0.0000
-18.3499 18.5228 0.0000 0.6000 0.0000 0.0000
-18.3999 18.5232 0.0000 0.6000 0.0000 0.0000
-18.4499 18.5235 0.0000 0.6000 0.0000 0.0000
-18.4999 18.5239 0.0000 0.6000 0.0000 0.0000
-18.5499 18.5243 0.0000 0.6000 0.0000 0.0000
-18.5999 18.5246 0.0000 0.6000 0.0000 0.0000
-18.6499 18.5250 0.0000 0.6000 0.0000 0.0000
-18.6999 18.5254 0.0000 0.6000 0.0000 0.0000
-18.7499 18.5257 0.0000 0.6000 0.0000 0.0000
-18.7999 18.5261 0.0000 0.6000 0.0000 0.0000
-18.8499 18.5265 0.0000 0.6000 0.0000 0.0000
-18.8999 18.5268 0.0000 0.6000 0.0000 0.0000
-18.9499 18.5272 0.0000 0.6000 0.0000 0.0000
-18.9999 18.5276 0.0000 0.6000 0.0000 0.0000
-19.0499 18.5279 0.0000 0.6000 0.0000 0.0000
-19.0999 18.5283 0.0000 0.6000 0.0000 0.0000
-19.1499 18.5287 0.0000 0.6000 0.0000 0.0000
-19.1999 18.5290 0.0000 0.6000 0.0000 0.0000
-19.2499 18.5294 0.0000 0.6000 0.0000 0.0000
-19.2999 18.5298 0.0000 0.6000 0.0000 0.0000
-19.3499 18.5301 0.0000 0.6000 0.0000 0.0000
-19.3999 18.5305 0.0000 0.6000 0.0000 0.0000
-19.4499 18.5309 0.0000 0.6000 0.0000 0.0000
-19.4999 18.5312 0.0000 0.6000 0.0000 0.0000
-19.5499 18.5316 0.0000 0.6000 0.0000 0.0000
-19.5999 18.5320 0.0000 0.6000 0.0000 0.0000
-19.6499 18.5324 0.0000 0.6000 0.0000 0.0000
-19.6999 18.5327 0.0000 0.6000 0.0000 0.0000
-19.7499 18.5331 0.0000 0.6000 0.0000 0.0000
-19.7999 18.5335 0.0000 0.6000 0.0000 0.0000
-19.8499 18.5338 0.0000 0.6000 0.0000 0.0000
-19.8999 18.5342 0.0000 0.6000 0.0000 0.0000
-19.9499 18.5346 0.0000 0.6000 0.0000 0.0000
-19.9999 18.5349 0.0000 0.6000 0.0000 0.0000
-20.0499 18.5353 0.0000 0.6000 0.0000 0.0000
-20.0999 18.5357 0.0000 0.6000 0.0000 0.0000
-20.1499 18.5360 0.0000 0.6000 0.0000 0.0000
-20.1999 18.5364 0.0000 0.6000 0.0000 0.0000
-20.2499 18.5368 0.0000 0.6000 0.0000 0.0000
-20.2999 18.5371 0.0000 0.6000 0.0000 0.0000
-20.3499 18.5375 0.0000 0.6000 0.0000 0.0000
-20.3999 18.5379 0.0000 0.6000 0.0000 0.0000
-20.4499 18.5382 0.0000 0.6000 0.0000 0.0000
-20.4999 18.5386 0.0000 0.6000 0.0000 0.0000
-20.5499 18.5390 0.0000 0.6000 0.0000 0.0000
-20.5999 18.5393 0.0000 0.6000 0.0000 0.0000
-20.6499 18.5397 0.0000 0.6000 0.0000 0.0000
-20.6999 18.5401 0.0000 0.6000 0.0000 0.0000
-20.7499 18.5404 0.0000 0.6000 0.0000 0.0000
-20.7998 18.5408 0.0000 0.6000 0.0000 0.0000
-20.8498 18.5412 0.0000 0.6000 0.0000 0.0000
-20.8998 18.5415 0.0000 0.6000 0.0000 0.0000
-20.9498 18.5419 0.0000 0.6000 0.0000 0.0000
-20.9998 18.5423 0.0000 0.6000 0.0000 0.0000
-21.0498 18.5426 0.0000 0.6000 0.0000 0.0000
-21.0998 18.5430 0.0000 0.6000 0.0000 0.0000
-21.1498 18.5434 0.0000 0.6000 0.0000 0.0000
-21.1998 18.5437 0.0000 0.6000 0.0000 0.0000
-21.2498 18.5441 0.0000 0.6000 0.0000 0.0000
-21.2998 18.5445 0.0000 0.6000 0.0000 0.0000
-21.3498 18.5449 0.0000 0.6000 0.0000 0.0000
-21.3998 18.5452 0.0000 0.6000 0.0000 0.0000
-21.4498 18.5456 0.0000 0.6000 0.0000 0.0000
-21.4998 18.5460 0.0000 0.6000 0.0000 0.0000
-21.5498 18.5463 0.0000 0.6000 0.0000 0.0000
-21.5998 18.5467 0.0000 0.6000 0.0000 0.0000
-21.6498 18.5471 0.0000 0.6000 0.0000 0.0000
-21.6998 18.5474 0.0000 0.6000 0.0000 0.0000
-21.7498 18.5478 0.0000 0.6000 0.0000 0.0000
-21.7998 18.5482 0.0000 0.6000 0.0000 0.0000
-21.8498 18.5485 0.0000 0.6000 0.0000 0.0000
-21.8998 18.5489 0.0000 0.6000 0.0000 0.0000
-21.9498 18.5493 0.0000 0.6000 0.0000 0.0000
-21.9998 18.5496 0.0000 0.6000 0.0000 0.0000
-22.0498 18.5500 0.0000 0.6000 0.0000 0.0000
-22.0500 18.4500 0.0000 0.6000 0.0000 0.0000
-22.0903 18.4795 0.0000 0.6000 0.0000 0.0000
-22.1307 18.5091 0.0000 0.6000 0.0000 0.0000
-22.1710 18.5386 0.0000 0.6000 0.0000 0.0000
-22.2114 18.5682 0.0000 0.6000 0.0000 0.0000
-22.2517 18.5977 0.0000 0.6000 0.0000 0.0000
-22.2920 18.6273 0.0000 0.6000 0.0000 0.0000
-22.3324 18.6568 0.0000 0.6000 0.0000 0.0000
-22.3727 18.6863 0.0000 0.6000 0.0000 0.0000
-22.4130 18.7159 0.0000 0.6000 0.0000 0.0000
-22.4534 18.7454 0.0000 0.6000 0.0000 0.0000
-22.4937 18.7750 0.0000 0.6000 0.0000 0.0000
-22.5341 18.8045 0.0000 0.6000 0.0000 0.0000
-22.5744 18.8341 0.0000 0.6000 0.0000 0.0000
-22.6147 18.8636 0.0000 0.6000 0.0000 0.0000
-22.6551 18.8932 0.0000 0.6000 0.0000 0.0000
-22.6954 18.9227 0.0000 0.6000 0.0000 0.0000
-22.7358 18.9522 0.0000 0.6000 0.0000 0.0000
-22.7761 18.9818 0.0000 0.6000 0.0000 0.0000
-22.8164 19.0113 0.0000 0.6000 0.0000 0.0000
-22.8568 19.0409 0.0000 0.6000 0.0000 0.0000
-22.8971 19.0704 0.0000 0.6000 0.0000 0.0000
-22.9374 19.1000 0.0000 0.6000 0.0000 0.0000
-22.9778 19.1295 0.0000 0.6000 0.0000 0.0000
-23.0181 19.1590 0.0000 0.6000 0.0000 0.0000
-23.0585 19.1886 0.0000 0.6000 0.0000 0.0000
-23.0988 19.2181 0.0000 0.6000 0.0000 0.0000
-23.1391 19.2477 0.0000 0.6000 0.0000 0.0000
-23.1795 19.2772 0.0000 0.6000 0.0000 0.0000
-23.2198 19.3068 0.0000 0.6000 0.0000 0.0000
-23.2601 19.3363 0.0000 0.6000 0.0000 0.0000
-23.3005 19.3658 0.0000 0.6000 0.0000 0.0000
-23.3408 19.3954 0.0000 0.6000 0.0000 0.0000
-23.3812 19.4249 0.0000 0.6000 0.0000 0.0000
-23.4215 19.4545 0.0000 0.6000 0.0000 0.0000
-23.4618 19.4840 0.0000 0.6000 0.0000 0.0000
-23.5022 19.5136 0.0000 0.6000 0.0000 0.0000
-23.5425 19.5431 0.0000 0.6000 0.0000 0.0000
-23.5829 19.5727 0.0000 0.6000 0.0000 0.0000
-23.6232 19.6022 0.0000 0.6000 0.0000 0.0000
-23.6635 19.6317 0.0000 0.6000 0.0000 0.0000
-23.7039 19.6613 0.0000 0.6000 0.0000 0.0000
-23.7442 19.6908 0.0000 0.6000 0.0000 0.0000
-23.7845 19.7204 0.0000 0.6000 0.0000 0.0000
-23.8249 19.7499 0.0000 0.6000 0.0000 0.0000
-23.8652 19.7795 0.0000 0.6000 0.0000 0.0000
-23.9056 19.8090 0.0000 0.6000 0.0000 0.0000
-23.9459 19.8385 0.0000 0.6000 0.0000 0.0000
-23.9862 19.8681 0.0000 0.6000 0.0000 0.0000
-24.0266 19.8976 0.0000 0.6000 0.0000 0.0000
-24.0669 19.9272 0.0000 0.6000 0.0000 0.0000
-24.1073 19.9567 0.0000 0.6000 0.0000 0.0000
-24.1476 19.9863 0.0000 0.6000 0.0000 0.0000
-24.1879 20.0158 0.0000 0.6000 0.0000 0.0000
-24.2283 20.0454 0.0000 0.6000 0.0000 0.0000
-24.2686 20.0749 0.0000 0.6000 0.0000 0.0000
-24.3089 20.1044 0.0000 0.6000 0.0000 0.0000
-24.3493 20.1340 0.0000 0.6000 0.0000 0.0000
-24.3896 20.1635 0.0000 0.6000 0.0000 0.0000
-24.4300 20.1931 0.0000 0.6000 0.0000 0.0000
-24.4703 20.2226 0.0000 0.6000 0.0000 0.0000
-24.5106 20.2522 0.0000 0.6000 0.0000 0.0000
-24.5510 20.2817 0.0000 0.6000 0.0000 0.0000
-24.5913 20.3112 0.0000 0.6000 0.0000 0.0000
-24.6317 20.3408 0.0000 0.5900 0.0000 0.0000
-24.6720 20.3703 0.0000 0.5800 0.0000 0.0000
-24.7123 20.3999 0.0000 0.5700 0.0000 0.0000
-24.7527 20.4294 0.0000 0.5600 0.0000 0.0000
-24.7930 20.4590 0.0000 0.5500 0.0000 0.0000
-24.8333 20.4885 0.0000 0.5400 0.0000 0.0000
-24.8737 20.5180 0.0000 0.5300 0.0000 0.0000
-24.9140 20.5476 0.0000 0.5200 0.0000 0.0000
-24.9544 20.5771 0.0000 0.5100 0.0000 0.0000
-24.9947 20.6067 0.0000 0.5000 0.0000 0.0000
-25.0350 20.6362 0.0000 0.4900 0.0000 0.0000
-25.0754 20.6658 0.0000 0.4800 0.0000 0.0000
-25.1157 20.6953 0.0000 0.4700 0.0000 0.0000
-25.1560 20.7249 0.0000 0.4600 0.0000 0.0000
-25.1964 20.7544 0.0000 0.4500 0.0000 0.0000
-25.2367 20.7839 0.0000 0.4400 0.0000 0.0000
-25.2771 20.8135 0.0000 0.4300 0.0000 0.0000
-25.3174 20.8430 0.0000 0.4200 0.0000 0.0000
-25.3577 20.8726 0.0000 0.4100 0.0000 0.0000
-25.3981 20.9021 0.0000 0.4000 0.0000 0.0000
-25.4384 20.9317 0.0000 0.3900 0.0000 0.0000
-25.4788 20.9612 0.0000 0.3800 0.0000 0.0000
-25.5191 20.9907 0.0000 0.3700 0.0000 0.0000
-25.5594 21.0203 0.0000 0.3600 0.0000 0.0000
-25.5998 21.0498 0.0000 0.3500 0.0000 0.0000
-25.6000 21.0500 0.0000 0.3500 0.0000 0.0000
