-15.5000 15.0500 0.0000 0.3500 0.0000 0.0000
-15.4964 15.0999 0.0000 0.3600 0.0000 0.0000
-15.4928 15.1497 0.0000 0.3700 0.0000 0.0000
-15.4892 15.1996 0.0000 0.3800 0.0000 0.0000
-15.4855 15.2495 0.0000 0.3900 0.0000 0.0000
-15.4819 15.2993 0.0000 0.4000 0.0000 0.0000
-15.4783 15.3492 0.0000 0.4100 0.0000 0.0000
-15.4747 15.3991 0.0000 0.4200 0.0000 0.0000
-15.4711 15.4490 0.0000 0.4300 0.0000 0.0000
-15.4675 15.4988 0.0000 0.4400 0.0000 0.0000
-15.4639 15.5487 0.0000 0.4500 0.0000 0.0000
-15.4602 15.5986 0.0000 0.4600 0.0000 0.0000
-15.4566 15.6484 0.0000 0.4700 0.0000 0.0000
-15.4530 15.6983 0.0000 0.4800 0.0000 0.0000
-15.4494 15.7482 0.0000 0.4900 0.0000 0.0000
-15.4458 15.7980 0.0000 0.5000 0.0000 0.0000
-15.4422 15.8479 0.0000 0.5100 0.0000 0.0000
-15.4386 15.8978 0.0000 0.5200 0.0000 0.0000
-15.4350 15.9476 0.0000 0.5300 0.0000 0.0000
-15.4313 15.9975 0.0000 0.5400 0.0000 0.0000
-15.4277 16.0474 0.0000 0.5500 0.0000 0.0000
-15.4241 16.0973 0.0000 0.5600 0.0000 0.0000
-15.4205 16.1471 0.0000 0.5700 0.0000 0.0000
-15.4169 16.1970 0.0000 0.5800 0.0000 0.0000
-15.4133 16.2469 0.0000 0.5900 0.0000 0.0000
-15.4097 16.2967 0.0000 0.6000 0.0000 0.0000
-15.4060 16.3466 0.0000 0.6000 0.0000 0.0000
-15.4024 16.3965 0.0000 0.6000 0.0000 0.0000
-15.3988 16.4463 0.0000 0.6000 0.0000 0.0000
-15.3952 16.4962 0.0000 0.6000 0.0000 0.0000
-15.3916 16.5461 0.0000 0.6000 0.0000 0.0000
-15.3880 16.5959 0.0000 0.6000 0.0000 0.0000
-15.3844 16.6458 0.0000 0.6000 0.0000 0.0000
-15.3807 16.6957 0.0000 0.6000 0.0000 0.0000
-15.3771 16.7456 0.0000 0.6000 0.0000 0.0000
-15.3735 16.7954 0.0000 0.6000 0.0000 0.0000
-15.3699 16.8453 0.0000 0.6000 0.0000 0.0000
-15.3663 16.8952 0.0000 0.6000 0.0000 0.0000
-15.3627 16.9450 0.0000 0.6000 0.0000 0.0000
-15.3591 16.9949 0.0000 0.6000 0.0000 0.0000
-15.3555 17.0448 0.0000 0.6000 0.0000 0.0000
-15.3518 17.0946 0.0000 0.6000 0.0000 0.0000
-15.3482 17.1445 0.0000 0.6000 0.0000 0.0000
-15.3446 17.1944 0.0000 0.6000 0.0000 0.0000
-15.3410 17.2442 0.0000 0.6000 0.0000 0.0000
-15.3374 17.2941 0.0000 0.6000 0.0000 0.0000
-15.3338 17.3440 0.0000 0.6000 0.0000 0.0000
-15.3302 17.3939 0.0000 0.6000 0.0000 0.0000
-15.3265 17.4437 0.0000 0.6000 0.0000 0.0000
-15.3229 17.4936 0.0000 0.6000 0.0000 0.0000
-15.3193 17.5435 0.0000 0.6000 0.0000 0.0000
-15.3157 17.5933 0.0000 0.6000 0.0000 0.0000
-15.3121 17.6432 0.0000 0.6000 0.0000 0.0000
-15.3085 17.6931 0.0000 0.6000 0.0000 0.0000
-15.3049 17.7429 0.0000 0.6000 0.0000 0.0000
-15.3012 17.7928 0.0000 0.6000 0.0000 0.0000
-15.2976 17.8427 0.0000 0.6000 0.0000 0.0000
-15.2940 17.8925 0.0000 0.6000 0.0000 0.0000
-15.2904 17.9424 0.0000 0.6000 0.0000 0.0000
-15.2868 17.9923 0.0000 0.6000 0.0000 0.0000
-15.2832 18.0422 0.0000 0.6000 0.0000 0.0000
-15.2796 18.0920 0.0000 0.6000 0.0000 0.0000
-15.2759 18.1419 0.0000 0.6000 0.0000 0.0000
-15.2723 18.1918 0.0000 0.6000 0.0000 0.0000
-15.2687 18.2416 0.0000 0.6000 0.0000 0.0000
-15.2651 18.2915 0.0000 0.6000 0.0000 0.0000
-15.2615 18.3414 0.0000 0.6000 0.0000 0.0000
-15.2579 18.3912 0.0000 0.6000 0.0000 0.0000
-15.2543 18.4411 0.0000 0.6000 0.0000 0.0000
-15.2507 18.4910 0.0000 0.6000 0.0000 0.0000
-15.2500 18.5000 0.0000 0.6000 0.0000 0.0000
-15.3000 18.4996 0.0000 0.6000 0.0000 0.0000
-15.3500 18.4993 0.0000 0.6000 0.0000 0.0000
-15.4000 18.4989 0.0000 0.6000 0.0000 0.0000
-15.4500 18.4985 0.0000 0.6000 0.0000 0.0000
-15.5000 18.4982 0.0000 0.6000 0.0000 0.0000
-15.5500 18.4978 0.0000 0.6000 0.0000 0.0000
-15.6000 18.4974 0.0000 0.6000 0.0000 0.0000
-15.6500 18.4971 0.0000 0.6000 0.0000 0.0000
-15.7000 18.4967 0.0000 0.6000 0.0000 0.0000
-15.7500 18.4963 0.0000 0.6000 0.0000 0.0000
-15.8000 18.4960 0.0000 0.6000 0.0000 0.0000
-15.8500 18.4956 0.0000 0.6000 0.0000 0.0000
-15.9000 18.4952 0.0000 0.6000 0.0000 0.0000
-15.9500 18.4949 0.0000 0.6000 0.0000 0.0000
-16.0000 18.4945 0.0000 0.6000 0.0000 0.0000
-16.0500 18.4941 0.0000 0.6000 0.0000 0.0000
-16.1000 18.4938 0.0000 0.6000 0.0000 0.0000
-16.1500 18.4934 0.0000 0.6000 0.0000 0.0000
-16.2000 18.4930 0.0000 0.6000 0.0000 0.0000
-16.2500 18.4926 0.0000 0.6000 0.0000 0.0000
-16.3000 18.4923 0.0000 0.6000 0.0000 0.0000
-16.3500 18.4919 0.0000 0.6000 0.0000 0.0000
-16.4000 18.4915 0.0000 0.6000 0.0000 0.0000
-16.4500 18.4912 0.0000 0.6000 0.0000 0.0000
-16.5000 18.4908 0.0000 0.6000 0.0000 0.0000
-16.5500 18.4904 0.0000 0.6000 0.0000 0.0000
-16.6000 18.4901 0.0000 0.6000 0.0000 0.0000
-16.6500 18.4897 0.0000 0.6000 0.0000 0.0000
-16.7000 18.4893 0.0000 0.6000 0.0000 0.0000
-16.7500 18.4890 0.0000 0.6000 0.0000 0.0000
-16.8000 18.4886 0.0000 0.6000 0.0000 0.0000
-16.8500 18.4882 0.0000 0.6000 0.0000 0.0000
-16.9000 18.4879 0.0000 0.6000 0.0000 0.0000
-16.9500 18.4875 0.0000 0.6000 0.0000 0.0000
-17.0000 18.4871 0.0000 0.6000 0.0000 0.0000
-17.0500 18.4868 0.0000 0.6000 0.0000 0.0000
-17.0999 18.4864 0.0000 0.6000 0.0000 0.0000
-17.1499 18.4860 0.0000 0.6000 0.0000 0.0000
-17.1999 18.4857 0.0000 0.6000 0.0000 0.0000
-17.2499 18.4853 0.0000 0.6000 0.0000 0.0000
-17.2999 18.4849 0.0000 0.6000 0.0000 0.0000
-17.3499 18.4846 0.0000 0.6000 0.0000 0.0000
-17.3999 18.4842 0.0000 0.6000 0.0000 0.0000
-17.4499 18.4838 0.0000 0.6000 0.0000 0.0000
-17.4999 18.4835 0.0000 0.6000 0.0000 0.0000
-17.5499 18.4831 0.0000 0.6000 0.0000 0.0000
-17.5999 18.4827 0.0000 0.6000 0.0000 0.0000
-17.6499 18.4824 0.0000 0.6000 0.0000 0.0000
-17.6999 18.4820 0.0000 0.6000 0.0000 0.0000
-17.7499 18.4816 0.0000 0.6000 0.0000 0.0000
-17.7999 18.4813 0.0000 0.6000 0.0000 0.0000
-17.8499 18.4809 0.0000 0.6000 0.0000 0.0000
-17.8999 18.4805 0.0000 0.6000 0.0000 0.0000
-17.9499 18.4801 0.0000 0.6000 0.0000 0.0000
-17.9999 18.4798 0.0000 0.6000 0.0000 0.0000
-18.0499 18.4794 0.0000 0.6000 0.0000 0.0000
-18.0999 18.4790 0.0000 0.6000 0.0000 0.0000
-18.1499 18.4787 0.0000 0.6000 0.0000 0.0000
-18.1999 18.4783 0.0000 0.6000 0.0000 0.0000
-18.2499 18.4779 0.0000 0.6000 0.0000 0.0000
-18.2999 18.4776 0.0000 0.6000 0.0000 0.0000
-18.3499 18.4772 0.0000 0.6000 0.0000 0.0000
-18.3999 18.4768 0.0000 0.6000 0.0000 0.0000
-18.4499 18.4765 0.0000 0.6000 0.0000 0.0000
-18.4999 18.4761 0.0000 0.6000 0.0000 0.0000
-18.5499 18.4757 0.0000 0.6000 0.0000 0.0000
-18.5999 18.4754 0.0000 0.6000 0.0000 0.0000
-18.6499 18.4750 0.0000 0.6000 0.0000 0.0000
-18.6999 18.4746 0.0000 0.6000 0.0000 0.0000
-18.7499 18.4743 0.0000 0.6000 0.0000 0.0000
-18.7999 18.4739 0.0000 0.6000 0.0000 0.0000
-18.8499 18.4735 0.0000 0.6000 0.0000 0.0000
-18.8999 18.4732 0.0000 0.6000 0.0000 0.0000
-18.9499 18.4728 0.0000 0.6000 0.0000 0.0000
-18.9999 18.4724 0.0000 0.6000 0.0000 0.0000
-19.0499 18.4721 0.0000 0.6000 0.0000 0.0000
-19.0999 18.4717 0.0000 0.6000 0.0000 0.0000
-19.1499 18.4713 0.0000 0.6000 0.0000 0.0000
-19.1999 18.4710 0.0000 0.6000 0.0000 0.0000
-19.2499 18.4706 0.0000 0.6000 0.0000 0.0000
-19.2999 18.4702 0.0000 0.6000 0.0000 0.0000
-19.3499 18.4699 0.0000 0.6000 0.0000 0.0000
-19.3999 18.4695 0.0000 0.6000 0.0000 0.0000
-19.4499 18.4691 0.0000 0.6000 0.0000 0.0000
-19.4999 18.4688 0.0000 0.6000 0.0000 0.0000
-19.5499 18.4684 0.0000 0.6000 0.0000 0.0000
-19.5999 18.4680 0.0000 0.6000 0.0000 0.0000
-19.6499 18.4676 0.0000 0.6000 0.0000 0.0000
-19.6999 18.4673 0.0000 0.6000 0.0000 0.0000
-19.7499 18.4669 0.0000 0.6000 0.0000 0.0000
-19.7999 18.4665 0.0000 0.6000 0.0000 0.0000
-19.8499 18.4662 0.0000 0.6000 0.0000 0.0000
-19.8999 18.4658 0.0000 0.6000 0.0000 0.0000
-19.9499 18.4654 0.0000 0.6000 0.0000 0.0000
-19.9999 18.4651 0.0000 0.6000 0.0000 0.0000
-20.0499 18.4647 0.0000 0.6000 0.0000 0.0000
-20.0999 18.4643 0.0000 0.6000 0.0000 0.0000
-20.1499 18.4640 0.0000 0.6000 0.0000 0.0000
-20.1999 18.4636 0.0000 0.6000 0.0000 0.0000
-20.2499 18.4632 0.0000 0.6000 0.0000 0.0000
-20.2999 18.4629 0.0000 0.6000 0.0000 0.0000
-20.3499 18.4625 0.0000 0.6000 0.0000 0.0000
-20.3999 18.4621 0.0000 0.6000 0.0000 0.0000
-20.4499 18.4618 0.0000 0.6000 0.0000 0.0000
-20.4999 18.4614 0.0000 0.6000 0.0000 0.0000
-20.5499 18.4610 0.0000 0.6000 0.0000 0.0000
-20.5999 18.4607 0.0000 0.6000 0.0000 0.0000
-20.6499 18.4603 0.0000 0.6000 0.0000 0.0000
-20.6999 18.4599 0.0000 0.6000 0.0000 0.0000
-20.7499 18.4596 0.0000 0.6000 0.0000 0.0000
-20.7998 18.4592 0.0000 0.6000 0.0000 0.0000
-20.8498 18.4588 0.0000 0.6000 0.0000 0.0000
-20.8998 18.4585 0.0000 0.6000 0.0000 0.0000
-20.9498 18.4581 0.0000 0.6000 0.0000 0.0000
-20.9998 18.4577 0.0000 0.6000 0.0000 0.0000
-21.0498 18.4574 0.0000 0.6000 0.0000 0.0000
-21.0998 18.4570 0.0000 0.6000 0.0000 0.0000
-21.1498 18.4566 0.0000 0.6000 0.0000 0.0000
-21.1998 18.4563 0.0000 0.6000 0.0000 0.0000
-21.2498 18.4559 0.0000 0.6000 0.0000 0.0000
-21.2998 18.4555 0.0000 0.6000 0.0000 0.0000
-21.3498 18.4551 0.0000 0.6000 0.0000 0.0000
-21.3998 18.4548 0.0000 0.6000 0.0000 0.0000
-21.4498 18.4544 0.0000 0.6000 0.0000 0.0000
-21.4998 18.4540 0.0000 0.6000 0.0000 0.0000
-21.5498 18.4537 0.0000 0.6000 0.0000 0.0000
-21.5998 18.4533 0.0000 0.6000 0.0000 0.0000
-21.6498 18.4529 0.0000 0.6000 0.0000 0.0000
-21.6998 18.4526 0.0000 0.6000 0.0000 0.0000
-21.7498 18.4522 0.0000 0.6000 0.0000 0.0000
-21.7998 18.4518 0.0000 0.6000 0.0000 0.0000
-21.8498 18.4515 0.0000 0.6000 0.0000 0.0000
-21.8998 18.4511 0.0000 0.6000 0.0000 0.0000
-21.9498 18.4507 0.0000 0.6000 0.0000 0.0000
-21.9998 18.4504 0.0000 0.6000 0.0000 0.0000
-22.0498 18.4500 0.0000 0.6000 0.0000 0.0000
-22.0500 18.4500 0.0000 0.6000 0.0000 0.0000
-22.0903 18.4795 0.0000 0.6000 0.0000 0.0000
-22.1307 18.5091 0.0000 0.6000 0.0000 0.0000
-22.1710 18.5386 0.0000 0.6000 0.0000 0.0000
-22.2114 18.5682 0.0000 0.6000 0.0000 0.0000
-22.2517 18.5977 0.0000 0.6000 0.0000 0.0000
-22.2920 18.6273 0.0000 0.6000 0.0000 0.0000
-22.3324 18.6568 0.0000 0.6000 0.0000 0.0000
-22.3727 18.6863 0.0000 0.6000 0.0000 0.0000
-22.4130 18.7159 0.0000 0.6000 0.0000 0.0000
-22.4534 18.7454 0.0000 0.6000 0.0000 0.0000
-22.4937 18.7750 0.0000 0.6000 0.0000 0.0000
-22.5341 18.8045 0.0000 0.6000 0.0000 0.0000
-22.5744 18.8341 0.0000 0.6000 0.0000 0.0000
-22.6147 18.8636 0.0000 0.6000 0.0000 0.0000
-22.6551 18.8932 0.0000 0.6000 0.0000 0.0000
-22.6954 18.9227 0.0000 0.6000 0.0000 0.0000
-22.7358 18.9522 0.0000 0.6000 0.0000 0.0000
-22.7761 18.9818 0.0000 0.6000 0.0000 0.0000
-22.8164 19.0113 0.0000 0.6000 0.0000 0.0000
-22.8568 19.0409 0.0000 0.6000 0.0000 0.0000
-22.8971 19.0704 0.0000 0.6000 0.0000 0.0000
-22.9374 19.1000 0.0000 0.6000 0.0000 0.0000
-22.9778 19.1295 0.0000 0.6000 0.0000 0.0000
-23.0181 19.1590 0.0000 0.6000 0.0000 0.0000
-23.0585 19.1886 0.0000 0.6000 0.0000 0.0000
-23.0988 19.2181 0.0000 0.6000 0.0000 0.0000
-23.1391 19.2477 0.0000 0.6000 0.0000 0.0000
-23.1795 19.2772 0.0000 0.6000 0.0000 0.0000
-23.2198 19.3068 0.0000 0.6000 0.0000 0.0000
-23.2601 19.3363 0.0000 0.6000 0.0000 0.0000
-23.3005 19.3658 0.0000 0.6000 0.0000 0.0000
-23.3408 19.3954 0.0000 0.6000 0.0000 0.0000
-23.3812 19.4249 0.0000 0.6000 0.0000 0.0000
-23.4215 19.4545 0.0000 0.6000 0.0000 0.0000
-23.4618 19.4840 0.0000 0.6000 0.0000 0.0000
-23.5022 19.5136 0.0000 0.6000 0.0000 0.0000
-23.5425 19.5431 0.0000 0.6000 0.0000 0.0000
-23.5829 19.5727 0.0000 0.6000 0.0000 0.0000
-23.6232 19.6022 0.0000 0.6000 0.0000 0.0000
-23.6635 19.6317 0.0000 0.6000 0.0000 0.0000
-23.7039 19.6613 0.0000 0.6000 0.0000 0.0000
-23.7442 19.6908 0.0000 0.6000 0.0000 0.0000
-23.7845 19.7204 0.0000 0.6000 0.0000 0.0000
-23.8249 19.7499 0.0000 0.6000 0.0000 0.0000
-23.8652 19.7795 0.0000 0.6000 0.0000 0.0000
-23.9056 19.8090 0.0000 0.6000 0.0000 0.0000
-23.9459 19.8385 0.0000 0.6000 0.0000 0.0000
-23.9862 19.8681 0.0000 0.6000 0.0000 0.0000
-24.0266 19.8976 0.0000 0.6000 0.0000 0.0000
-24.0669 19.9272 0.0000 0.6000 0.0000 0.0000
-24.1073 19.9567 0.0000 0.6000 0.0000 0.0000
-24.1476 19.9863 0.0000 0.6000 0.0000 0.0000
-24.1879 20.0158 0.0000 0.6000 0.0000 0.0000
-24.2283 20.0454 0.0000 0.6000 0.0000 0.0000
-24.2686 20.0749 0.0000 0.6000 0.0000 0.0000
-24.3089 20.1044 0.0000 0.6000 0.0000 0.0000
-24.3493 20.1340 0.0000 0.6000 0.0000 0.0000
-24.3896 20.1635 0.0000 0.6000 0.0000 0.0000
-24.4300 20.1931 0.0000 0.6000 0.0000 0.0000
-24.4703 20.2226 0.0000 0.6000 0.0000 0.0000
-24.5106 20.2522 0.0000 0.6000 0.0000 0.0000
-24.5510 20.2817 0.0000 0.6000 0.0000 0.0000
-24.5913 20.3112 0.0000 0.6000 0.0000 0.0000
-24.6317 20.3408 0.0000 0.6000 0.0000 0.0000
-24.6720 20.3703 0.0000 0.6000 0.0000 0.0000
-24.7123 20.3999 0.0000 0.6000 0.0000 0.0000
-24.7527 20.4294 0.0000 0.6000 0.0000 0.0000
-24.7930 20.4590 0.0000 0.6000 0.0000 0.0000
-24.8333 20.4885 0.0000 0.6000 0.0000 0.0000
-24.8737 20.5180 0.0000 0.6000 0.0000 0.0000
-24.9140 20.5476 0.0000 0.6000 0.0000 0.0000
-24.9544 20.5771 0.0000 0.6000 0.0000 0.0000
-24.9947 20.6067 0.0000 0.6000 0.0000 0.0000
-25.0350 20.6362 0.0000 0.6000 0.0000 0.0000
-25.0754 20.6658 0.0000 0.6000 0.0000 0.0000
-25.1157 20.6953 0.0000 0.6000 0.0000 0.0000
-25.1560 20.7249 0.0000 0.6000 0.0000 0.0000
-25.1964 20.7544 0.0000 0.6000 0.0000 0.0000
-25.2367 20.7839 0.0000 0.6000 0.0000 0.0000
-25.2771 20.8135 0.0000 0.6000 0.0000 0.0000
-25.3174 20.8430 0.0000 0.6000 0.0000 0.0000
-25.3577 20.8726 0.0000 0.6000 0.0000 0.0000
-25.3981 20.9021 0.0000 0.6000 0.0000 0.0000
-25.4384 20.9317 0.0000 0.6000 0.0000 0.0000
-25.4788 20.9612 0.0000 0.6000 0.0000 0.0000
-25.5191 20.9907 0.0000 0.6000 0.0000 0.0000
-25.5594 21.0203 0.0000 0.6000 0.0000 0.0000
-25.5998 21.0498 0.0000 0.6000 0.0000 0.0000
-25.6000 21.0500 0.0000 0.6000 0.0000 0.0000
-25.5918 21.0993 0.0000 0.6000 0.0000 0.0000
-25.5836 21.1486 0.0000 0.6000 0.0000 0.0000
-25.5753 21.1980 0.0000 0.6000 0.0000 0.0000
-25.5671 21.2473 0.0000 0.6000 0.0000 0.0000
-25.5589 21.2966 0.0000 0.6000 0.0000 0.0000
-25.5507 21.3459 0.0000 0.6000 0.0000 0.0000
-25.5425 21.3952 0.0000 0.6000 0.0000 0.0000
-25.5342 21.4446 0.0000 0.6000 0.0000 0.0000
-25.5260 21.4939 0.0000 0.6000 0.0000 0.0000
-25.5178 21.5432 0.0000 0.6000 0.0000 0.0000
-25.5096 21.5925 0.0000 0.6000 0.0000 0.0000
-25.5014 21.6418 0.0000 0.6000 0.0000 0.0000
-25.4931 21.6912 0.0000 0.6000 0.0000 0.0000
-25.4849 21.7405 0.0000 0.6000 0.0000 0.0000
-25.4767 21.7898 0.0000 0.6000 0.0000 0.0000
-25.4685 21.8391 0.0000 0.6000 0.0000 0.0000
-25.4603 21.8884 0.0000 0.6000 0.0000 0.0000
-25.4520 21.9378 0.0000 0.6000 0.0000 0.0000
-25.4438 21.9871 0.0000 0.6000 0.0000 0.0000
-25.4356 22.0364 0.0000 0.6000 0.0000 0.0000
-25.4274 22.0857 0.0000 0.6000 0.0000 0.0000
-25.4192 22.1350 0.0000 0.6000 0.0000 0.0000
-25.4109 22.1844 0.0000 0.6000 0.0000 0.0000
-25.4027 22.2337 0.0000 0.6000 0.0000 0.0000
-25.3945 22.2830 0.0000 0.6000 0.0000 0.0000
-25.3863 22.3323 0.0000 0.6000 0.0000 0.0000
-25.3781 22.3816 0.0000 0.6000 0.0000 0.0000
-25.3698 22.4310 0.0000 0.6000 0.0000 0.0000
-25.3616 22.4803 0.0000 0.6000 0.0000 0.0000
-25.3534 22.5296 0.0000 0.6000 0.0000 0.0000
-25.3452 22.5789 0.0000 0.6000 0.0000 0.0000
-25.3370 22.6282 0.0000 0.6000 0.0000 0.0000
-25.3287 22.6775 0.0000 0.6000 0.0000 0.0000
-25.3205 22.7269 0.0000 0.6000 0.0000 0.0000
-25.3123 22.7762 0.0000 0.6000 0.0000 0.0000
-25.3041 22.8255 0.0000 0.6000 0.0000 0.0000
-25.2959 22.8748 0.0000 0.6000 0.0000 0.0000
-25.2876 22.9241 0.0000 0.6000 0.0000 0.0000
-25.2794 22.9735 0.0000 0.6000 0.0000 0.0000
-25.2712 23.0228 0.0000 0.6000 0.0000 0.0000
-25.2630 23.0721 0.0000 0.6000 0.0000 0.0000
-25.2548 23.1214 0.0000 0.6000 0.0000 0.0000
-25.2465 23.1707 0.0000 0.6000 0.0000 0.0000
-25.2383 23.2201 0.0000 0.6000 0.0000 0.0000
-25.2301 23.2694 0.0000 0.6000 0.0000 0.0000
-25.2219 23.3187 0.0000 0.6000 0.0000 0.0000
-25.2137 23.3680 0.0000 0.6000 0.0000 0.0000
-25.2054 23.4173 0.0000 0.6000 0.0000 0.0000
-25.1972 23.4667 0.0000 0.6000 0.0000 0.0000
-25.1890 23.5160 0.0000 0.6000 0.0000 0.0000
-25.1808 23.5653 0.0000 0.6000 0.0000 0.0000
-25.1726 23.6146 0.0000 0.6000 0.0000 0.0000
-25.1643 23.6639 0.0000 0.6000 0.0000 0.0000
-25.1561 23.7133 0.0000 0.6000 0.0000 0.0000
-25.1479 23.7626 0.0000 0.6000 0.0000 0.0000
-25.1397 23.8119 0.0000 0.6000 0.0000 0.0000
-25.1315 23.8612 0.0000 0.6000 0.0000 0.0000
-25.1232 23.9105 0.0000 0.6000 0.0000 0.0000
-25.1150 23.9599 0.0000 0.6000 0.0000 0.0000
-25.1068 24.0092 0.0000 0.6000 0.0000 0.0000
-25.0986 24.0585 0.0000 0.6000 0.0000 0.0000
-25.0904 24.1078 0.0000 0.6000 0.0000 0.0000
-25.0821 24.1571 0.0000 0.6000 0.0000 0.0000
-25.0739 24.2065 0.0000 0.6000 0.0000 0.0000
-25.0657 24.2558 0.0000 0.6000 0.0000 0.0000
-25.0575 24.3051 0.0000 0.6000 0.0000 0.0000
-25.0493 24.3544 0.0000 0.6000 0.0000 0.0000
-25.0410 24.4037 0.0000 0.6000 0.0000 0.0000
-25.0328 24.4531 0.0000 0.6000 0.0000 0.0000
-25.0246 24.5024 0.0000 0.6000 0.0000 0.0000
-25.0164 24.5517 0.0000 0.6000 0.0000 0.0000
-25.0082 24.6010 0.0000 0.6000 0.0000 0.0000
-24.9999 24.6503 0.0000 0.6000 0.0000 0.0000
-24.9917 24.6997 0.0000 0.6000 0.0000 0.0000
-24.9835 24.7490 0.0000 0.6000 0.0000 0.0000
-24.9753 24.7983 0.0000 0.6000 0.0000 0.0000
-24.9671 24.8476 0.0000 0.6000 0.0000 0.0000
-24.9588 24.8969 0.0000 0.6000 0.0000 0.0000
-24.9506 24.9463 0.0000 0.6000 0.0000 0.0000
-24.9424 24.9956 0.0000 0.6000 0.0000 0.0000
-24.9342 25.0449 0.0000 0.6000 0.0000 0.0000
-24.9260 25.0942 0.0000 0.6000 0.0000 0.0000
-24.9177 25.1435 0.0000 0.6000 0.0000 0.0000
-24.9095 25.1929 0.0000 0.6000 0.0000 0.0000
-24.9013 25.2422 0.0000 0.6000 0.0000 0.0000
-24.8931 25.2915 0.0000 0.6000 0.0000 0.0000
-24.8849 25.3408 0.0000 0.6000 0.0000 0.0000
-24.8766 25.3901 0.0000 0.6000 0.0000 0.0000
-24.8684 25.4395 0.0000 0.6000 0.0000 0.0000
-24.8602 25.4888 0.0000 0.6000 0.0000 0.0000
-24.8520 25.5381 0.0000 0.6000 0.0000 0.0000
-24.8438 25.5874 0.0000 0.6000 0.0000 0.0000
-24.8355 25.6367 0.0000 0.6000 0.0000 0.0000
-24.8273 25.6861 0.0000 0.6000 0.0000 0.0000
-24.8191 25.7354 0.0000 0.6000 0.0000 0.0000
-24.8109 25.7847 0.0000 0.6000 0.0000 0.0000
-24.8027 25.8340 0.0000 0.6000 0.0000 0.0000
-24.7944 25.8833 0.0000 0.6000 0.0000 0.0000
-24.7862 25.9326 0.0000 0.6000 0.0000 0.0000
-24.7780 25.9820 0.0000 0.6000 0.0000 0.0000
-24.7698 26.0313 0.0000 0.6000 0.0000 0.0000
-24.7616 26.0806 0.0000 0.6000 0.0000 0.0000
-24.7533 26.1299 0.0000 0.6000 0.0000 0.0000
-24.7451 26.1792 0.0000 0.6000 0.0000 0.0000
-24.7369 26.2286 0.0000 0.6000 0.0000 0.0000
-24.7287 26.2779 0.0000 0.6000 0.0000 0.0000
-24.7205 26.3272 0.0000 0.6000 0.0000 0.0000
-24.7122 26.3765 0.0000 0.6000 0.0000 0.0000
-24.7040 26.4258 0.0000 0.6000 0.0000 0.0000
-24.6958 26.4752 0.0000 0.6000 0.0000 0.0000
-24.6876 26.5245 0.0000 0.6000 0.0000 0.0000
-24.6794 26.5738 0.0000 0.6000 0.0000 0.0000
-24.6711 26.6231 0.0000 0.6000 0.0000 0.0000
-24.6629 26.6724 0.0000 0.6000 0.0000 0.0000
-24.6547 26.7218 0.0000 0.6000 0.0000 0.0000
-24.6465 26.7711 0.0000 0.6000 0.0000 0.0000
-24.6383 26.8204 0.0000 0.6000 0.0000 0.0000
-24.6300 26.8697 0.0000 0.6000 0.0000 0.0000
-24.6218 26.9190 0.0000 0.6000 0.0000 0.0000
-24.6136 26.9684 0.0000 0.6000 0.0000 0.0000
-24.6054 27.0177 0.0000 0.6000 0.0000 0.0000
-24.5972 27.0670 0.0000 0.6000 0.0000 0.0000
-24.5889 27.1163 0.0000 0.6000 0.0000 0.0000
-24.5807 27.1656 0.0000 0.6000 0.0000 0.0000
-24.5725 27.2150 0.0000 0.6000 0.0000 0.0000
-24.5643 27.2643 0.0000 0.6000 0.0000 0.0000
-24.5561 27.3136 0.0000 0.6000 0.0000 0.0000
-24.5478 27.3629 0.0000 0.6000 0.0000 0.0000
-24.5396 27.4122 0.0000 0.6000 0.0000 0.0000
-24.5314 27.4616 0.0000 0.6000 0.0000 0.0000
-24.5232 27.5109 0.0000 0.6000 0.0000 0.0000
-24.5150 27.5602 0.0000 0.6000 0.0000 0.0000
-24.5067 27.6095 0.0000 0.6000 0.0000 0.0000
-24.4985 27.6588 0.0000 0.6000 0.0000 0.0000
-24.4903 27.7082 0.0000 0.6000 0.0000 0.0000
-24.4821 27.7575 0.0000 0.6000 0.0000 0.0000
-24.4739 27.8068 0.0000 0.6000 0.0000 0.0000
-24.4656 27.8561 0.0000 0.6000 0.0000 0.0000
-24.4574 27.9054 0.0000 0.6000 0.0000 0.0000
-24.4492 27.9548 0.0000 0.6000 0.0000 0.0000
-24.4410 28.0041 0.0000 0.6000 0.0000 0.0000
-24.4328 28.0534 0.0000 0.6000 0.0000 0.0000
-24.4245 28.1027 0.0000 0.6000 0.0000 0.0000
-24.4163 28.1520 0.0000 0.6000 0.0000 0.0000
-24.4081 28.2014 0.0000 0.6000 0.0000 0.0000
-24.3999 28.2507 0.0000 0.6000 0.0000 0.0000
-24.3917 28.3000 0.0000 0.6000 0.0000 0.0000
-24.3834 28.3493 0.0000 0.6000 0.0000 0.0000
-24.3752 28.3986 0.0000 0.6000 0.0000 0.0000
-24.3670 28.4480 0.0000 0.6000 0.0000 0.0000
-24.3588 28.4973 0.0000 0.6000 0.0000 0.0000
-24.3506 28.5466 0.0000 0.6000 0.0000 0.0000
-24.3423 28.5959 0.0000 0.6000 0.0000 0.0000
-24.3341 28.6452 0.0000 0.6000 0.0000 0.0000
-24.3259 28.6946 0.0000 0.6000 0.0000 0.0000
-24.3177 28.7439 0.0000 0.6000 0.0000 0.0000
-24.3095 28.7932 0.0000 0.6000 0.0000 0.0000
-24.3012 28.8425 0.0000 0.6000 0.0000 0.0000
-24.2930 28.8918 0.0000 0.6000 0.0000 0.0000
-24.2848 28.9412 0.0000 0.6000 0.0000 0.0000
-24.2766 28.9905 0.0000 0.6000 0.0000 0.0000
-24.2684 29.0398 0.0000 0.6000 0.0000 0.0000
-24.2601 29.0891 0.0000 0.6000 0.0000 0.0000
-24.2519 29.1384 0.0000 0.6000 0.0000 0.0000
-24.2437 29.1877 0.0000 0.6000 0.0000 0.0000
-24.2355 29.2371 0.0000 0.6000 0.0000 0.0000
-24.2273 29.2864 0.0000 0.6000 0.0000 0.0000
-24.2190 29.3357 0.0000 0.6000 0.0000 0.0000
-24.2108 29.3850 0.0000 0.6000 0.0000 0.0000
-24.2026 29.4343 0.0000 0.6000 0.0000 0.0000
-24.1944 29.4837 0.0000 0.6000 0.0000 0.0000
-24.1862 29.5330 0.0000 0.6000 0.0000 0.0000
-24.1779 29.5823 0.0000 0.6000 0.0000 0.0000
-24.1697 29.6316 0.0000 0.6000 0.0000 0.0000
-24.1615 29.6809 0.0000 0.6000 0.0000 0.0000
-24.1533 29.7303 0.0000 0.5900 0.0000 0.0000
-24.1451 29.7796 0.0000 0.5800 0.0000 0.0000
-24.1368 29.8289 0.0000 0.5700 0.0000 0.0000
-24.1286 29.8782 0.0000 0.5600 0.0000 0.0000
-24.1204 29.9275 0.0000 0.5500 0.0000 0.0000
-24.1122 29.9769 0.0000 0.5400 0.0000 0.0000
-24.1040 30.0262 0.0000 0.5300 0.0000 0.0000
-24.0957 30.0755 0.0000 0.5200 0.0000 0.0000
-24.0875 30.1248 0.0000 0.5100 0.0000 0.0000
-24.0793 30.1741 0.0000 0.5000 0.0000 0.0000
-24.0711 30.2235 0.0000 0.4900 0.0000 0.0000
-24.0629 30.2728 0.0000 0.4800 0.0000 0.0000
-24.0546 30.3221 0.0000 0.4700 0.0000 0.0000
-24.0464 30.3714 0.0000 0.4600 0.0000 0.0000
-24.0382 30.4207 0.0000 0.4500 0.0000 0.0000
-24.0300 30.4701 0.0000 0.4400 0.0000 0.0000
-24.0218 30.5194 0.0000 0.4300 0.0000 0.0000
-24.0135 30.5687 0.0000 0.4200 0.0000 0.0000
-24.0053 30.6180 0.0000 0.4100 0.0000 0.0000
-23.9971 30.6673 0.0000 0.4000 0.0000 0.0000
-23.9889 30.7167 0.0000 0.3900 0.0000 0.0000
-23.9807 30.7660 0.0000 0.3800 0.0000 0.0000
-23.9725 30.8153 0.0000 0.3700 0.0000 0.0000
-23.9642 30.8646 0.0000 0.3600 0.0000 0.0000
-23.9560 30.9139 0.0000 0.3500 0.0000 0.0000
-23.9500 30.9500 0.0000 0.3500 0.0000 0.0000
