-15.5000 15.0500 0.0000 0.3500 0.0000 0.0000
-15.4964 15.0999 0.0000 0.3600 0.0000 0.0000
-15.4928 15.1497 0.0000 0.3700 0.0000 0.0000
-15.4892 15.1996 0.0000 0.3800 0.0000 0.0000
-15.4855 15.2495 0.0000 0.3900 0.0000 0.0000
-15.4819 15.2993 0.0000 0.4000 0.0000 0.0000
-15.4783 15.3492 0.0000 0.4100 0.0000 0.0000
-15.4747 15.3991 0.0000 0.4200 0.0000 0.0000
-15.4711 15.4490 0.0000 0.4300 0.0000 0.0000
-15.4675 15.4988 0.0000 0.4400 0.0000 0.0000
-15.4639 15.5487 0.0000 0.4500 0.0000 0.0000
-15.4602 15.5986 0.0000 0.4600 0.0000 0.0000
-15.4566 15.6484 0.0000 0.4700 0.0000 0.0000
-15.4530 15.6983 0.0000 0.4800 0.0000 0.0000
-15.4494 15.7482 0.0000 0.4900 0.0000 0.0000
-15.4458 15.7980 0.0000 0.5000 0.0000 0.0000
-15.4422 15.8479 0.0000 0.5100 0.0000 0.0000
-15.4386 15.8978 0.0000 0.5200 0.0000 0.0000
-15.4350 15.9476 0.0000 0.5300 0.0000 0.0000
-15.4313 15.9975 0.0000 0.5400 0.0000 0.0000
-15.4277 16.0474 0.0000 0.5500 0.0000 0.0000
-15.4241 16.0973 0.0000 0.5600 0.0000 0.0000
-15.4205 16.1471 0.0000 0.5700 0.0000 0.0000
-15.4169 16.1970 0.0000 0.5800 0.0000 0.0000
-15.4133 16.2469 0.0000 0.5900 0.0000 0.0000
-15.4097 16.2967 0.0000 0.6000 0.0000 0.0000
-15.4060 16.3466 0.0000 0.6000 0.0000 0.0000
-15.4024 16.3965 0.0000 0.6000 0.0000 0.0000
-15.3988 16.4463 0.0000 0.6000 0.0000 0.0000
-15.3952 16.4962 0.0000 0.6000 0.0000 0.0000
-15.3916 16.5461 0.0000 0.6000 0.0000 0.0000
-15.3880 16.5959 0.0000 0.6000 0.0000 0.0000
-15.3844 16.6458 0.0000 0.6000 0.0000 0.0000
-15.3807 16.6957 0.0000 0.6000 0.0000 0.0000
-15.3771 16.7456 0.0000 0.6000 0.0000 0.0000
-15.3735 16.7954 0.0000 0.6000 0.0000 0.0000
-15.3699 16.8453 0.0000 0.6000 0.0000 0.0000
-15.3663 16.8952 0.0000 0.6000 0.0000 0.0000
-15.3627 16.9450 0.0000 0.6000 0.0000 0.0000
-15.3591 16.9949 0.0000 0.6000 0.0000 0.0000
-15.3555 17.0448 0.0000 0.6000 0.0000 0.0000
-15.3518 17.0946 0.0000 0.6000 0.0000 0.0000
-15.3482 17.1445 0.0000 0.6000 0.0000 0.0000
-15.3446 17.1944 0.0000 0.6000 0.0000 0.0000
-15.3410 17.2442 0.0000 0.6000 0.0000 0.0000
-15.3374 17.2941 0.0000 0.6000 0.0000 0.0000
-15.3338 17.3440 0.0000 0.6000 0.0000 0.0000
-15.3302 17.3939 0.0000 0.6000 0.0000 0.0000
-15.3265 17.4437 0.0000 0.6000 0.0000 0.0000
-15.3229 17.4936 0.0000 0.6000 0.0000 0.0000
-15.3193 17.5435 0.0000 0.6000 0.0000 0.0000
-15.3157 17.5933 0.0000 0.6000 0.0000 0.0000
-15.3121 17.6432 0.0000 0.6000 0.0000 0.0000
-15.3085 17.6931 0.0000 0.6000 0.0000 0.0000
-15.3049 17.7429 0.0000 0.6000 0.0000 0.0000
-15.3012 17.7928 0.0000 0.6000 0.0000 0.0000
-15.2976 17.8427 0.0000 0.6000 0.0000 0.0000
-15.2940 17.8925 0.0000 0.6000 0.0000 0.0000
-15.2904 17.9424 0.0000 0.6000 0.0000 0.0000
-15.2868 17.9923 0.0000 0.6000 0.0000 0.0000
-15.2832 18.0422 0.0000 0.6000 0.0000 0.0000
-15.2796 18.0920 0.0000 0.6000 0.0000 0.0000
-15.2759 18.1419 0.0000 0.6000 0.0000 0.0000
-15.2723 18.1918 0.0000 0.6000 0.0000 0.0000
-15.2687 18.2416 0.0000 0.6000 0.0000 0.0000
-15.2651 18.2915 0.0000 0.6000 0.0000 0.0000
-15.2615 18.3414 0.0000 0.6000 0.0000 0.0000
-15.2579 18.3912 0.0000 0.6000 0.0000 0.0000
-15.2543 18.4411 0.0000 0.6000 0.0000 0.0000
-15.2507 18.4910 0.0000 0.6000 0.0000 0.0000
-15.2500 18.5000 0.0000 0.6000 0.0000 0.0000
-15.3000 18.4996 0.0000 0.6000 0.0000 0.0000
-15.3500 18.4993 0.0000 0.6000 0.0000 0.0000
-15.4000 18.4989 0.0000 0.6000 0.0000 0.0000
-15.4500 18.4985 0.0000 0.6000 0.0000 0.0000
-15.5000 18.4982 0.0000 0.6000 0.0000 0.0000
-15.5500 18.4978 0.0000 0.6000 0.0000 0.0000
-15.6000 18.4974 0.0000 0.6000 0.0000 0.0000
-15.6500 18.4971 0.0000 0.6000 0.0000 0.0000
-15.7000 18.4967 0.0000 0.6000 0.0000 0.0000
-15.7500 18.4963 0.0000 0.6000 0.0000 0.0000
-15.8000 18.4960 0.0000 0.6000 0.0000 0.0000
-15.8500 18.4956 0.0000 0.6000 0.0000 0.0000
-15.9000 18.4952 0.0000 0.6000 0.0000 0.0000
-15.9500 18.4949 0.0000 0.6000 0.0000 0.0000
-16.0000 18.4945 0.0000 0.6000 0.0000 0.0000
-16.0500 18.4941 0.0000 0.6000 0.0000 0.0000
-16.1000 18.4938 0.0000 0.6000 0.0000 0.0000
-16.1500 18.4934 0.0000 0.6000 0.0000 0.0000
-16.2000 18.4930 0.0000 0.6000 0.0000 0.0000
-16.2500 18.4926 0.0000 0.6000 0.0000 0.0000
-16.3000 18.4923 0.0000 0.6000 0.0000 0.0000
-16.3500 18.4919 0.0000 0.6000 0.0000 0.0000
-16.4000 18.4915 0.0000 0.6000 0.0000 0.0000
-16.4500 18.4912 0.0000 0.6000 0.0000 0.0000
-16.5000 18.4908 0.0000 0.6000 0.0000 0.0000
-16.5500 18.4904 0.0000 0.6000 0.0000 0.0000
-16.6000 18.4901 0.0000 0.6000 0.0000 0.0000
-16.6500 18.4897 0.0000 0.6000 0.0000 0.0000
-16.7000 18.4893 0.0000 0.6000 0.0000 0.0000
-16.7500 18.4890 0.0000 0.6000 0.0000 0.0000
-16.8000 18.4886 0.0000 0.6000 0.0000 0.0000
-16.8500 18.4882 0.0000 0.6000 0.0000 0.0000
-16.9000 18.4879 0.0000 0.6000 0.0000 0.0000
-16.9500 18.4875 0.0000 0.6000 0.0000 0.0000
-17.0000 18.4871 0.0000 0.6000 0.0000 0.0000
-17.0500 18.4868 0.0000 0.6000 0.0000 0.0000
-17.0999 18.4864 0.0000 0.6000 0.0000 0.0000
-17.1499 18.4860 0.0000 0.6000 0.0000 0.0000
-17.1999 18.4857 0.0000 0.6000 0.0000 0.0000
-17.2499 18.4853 0.0000 0.6000 0.0000 0.0000
-17.2999 18.4849 0.0000 0.6000 0.0000 0.0000
-17.3499 18.4846 0.0000 0.6000 0.0000 0.0000
-17.3999 18.4842 0.0000 0.6000 0.0000 0.0000
-17.4499 18.4838 0.0000 0.6000 0.0000 0.0000
-17.4999 18.4835 0.0000 0.6000 0.0000 0.0000
-17.5499 18.4831 0.0000 0.6000 0.0000 0.0000
-17.5999 18.4827 0.0000 0.6000 0.0000 0.0000
-17.6499 18.4824 0.0000 0.6000 0.0000 0.0000
-17.6999 18.4820 0.0000 0.6000 0.0000 0.0000
-17.7499 18.4816 0.0000 0.6000 0.0000 0.0000
-17.7999 18.4813 0.0000 0.6000 0.0000 0.0000
-17.8499 18.4809 0.0000 0.6000 0.0000 0.0000
-17.8999 18.4805 0.0000 0.6000 0.0000 0.0000
-17.9499 18.4801 0.0000 0.6000 0.0000 0.0000
-17.9999 18.4798 0.0000 0.6000 0.0000 0.0000
-18.0499 18.4794 0.0000 0.6000 0.0000 0.0000
-18.0999 18.4790 0.0000 0.6000 0.0000 0.0000
-18.1499 18.4787 0.0000 0.6000 0.0000 0.0000
-18.1999 18.4783 0.0000 0.6000 0.0000 0.0000
-18.2499 18.4779 0.0000 0.6000 0.0000 0.0000
-18.2999 18.4776 0.0000 0.6000 0.0000 0.0000
-18.3499 18.4772 0.0000 0.6000 0.0000 0.0000
-18.3999 18.4768 0.0000 0.6000 0.0000 0.0000
-18.4499 18.4765 0.0000 0.6000 0.0000 0.0000
-18.4999 18.4761 0.0000 0.6000 0.0000 0.0000
-18.5499 18.4757 0.0000 0.6000 0.0000 0.0000
-18.5999 18.4754 0.0000 0.6000 0.0000 0.0000
-18.6499 18.4750 0.0000 0.6000 0.0000 0.0000
-18.6999 18.4746 0.0000 0.6000 0.0000 0.0000
-18.7499 18.4743 0.0000 0.6000 0.0000 0.0000
-18.7999 18.4739 0.0000 0.6000 0.0000 0.0000
-18.8499 18.4735 0.0000 0.6000 0.0000 0.0000
-18.8999 18.4732 0.0000 0.6000 0.0000 0.0000
-18.9499 18.4728 0.0000 0.6000 0.0000 0.0000
-18.9999 18.4724 0.0000 0.6000 0.0000 0.0000
-19.0499 18.4721 0.0000 0.6000 0.0000 0.0000
-19.0999 18.4717 0.0000 0.6000 0.0000 0.0000
-19.1499 18.4713 0.0000 0.6000 0.0000 0.0000
-19.1999 18.4710 0.0000 0.6000 0.0000 0.0000
-19.2499 18.4706 0.0000 0.6000 0.0000 0.0000
-19.2999 18.4702 0.0000 0.6000 0.0000 0.0000
-19.3499 18.4699 0.0000 0.6000 0.0000 0.0000
-19.3999 18.4695 0.0000 0.6000 0.0000 0.0000
-19.4499 18.4691 0.0000 0.6000 0.0000 0.0000
-19.4999 18.4688 0.0000 0.6000 0.0000 0.0000
-19.5499 18.4684 0.0000 0.6000 0.0000 0.0000
-19.5999 18.4680 0.0000 0.6000 0.0000 0.0000
-19.6499 18.4676 0.0000 0.6000 0.0000 0.0000
-19.6999 18.4673 0.0000 0.6000 0.0000 0.0000
-19.7499 18.4669 0.0000 0.6000 0.0000 0.0000
-19.7999 18.4665 0.0000 0.6000 0.0000 0.0000
-19.8499 18.4662 0.0000 0.6000 0.0000 0.0000
-19.8999 18.4658 0.0000 0.6000 0.0000 0.0000
-19.9499 18.4654 0.0000 0.6000 0.0000 0.0000
-19.9999 18.4651 0.0000 0.6000 0.0000 0.0000
-20.0499 18.4647 0.0000 0.6000 0.0000 0.0000
-20.0999 18.4643 0.0000 0.6000 0.0000 0.0000
-20.1499 18.4640 0.0000 0.6000 0.0000 0.0000
-20.1999 18.4636 0.0000 0.6000 0.0000 0.0000
-20.2499 18.4632 0.0000 0.6000 0.0000 0.0000
-20.2999 18.4629 0.0000 0.6000 0.0000 0.0000
-20.3499 18.4625 0.0000 0.6000 0.0000 0.0000
-20.3999 18.4621 0.0000 0.6000 0.0000 0.0000
-20.4499 18.4618 0.0000 0.6000 0.0000 0.0000
-20.4999 18.4614 0.0000 0.6000 0.0000 0.0000
-20.5499 18.4610 0.0000 0.6000 0.0000 0.0000
-20.5999 18.4607 0.0000 0.6000 0.0000 0.0000
-20.6499 18.4603 0.0000 0.6000 0.0000 0.0000
-20.6999 18.4599 0.0000 0.6000 0.0000 0.0000
-20.7499 18.4596 0.0000 0.6000 0.0000 0.0000
-20.7998 18.4592 0.0000 0.6000 0.0000 0.0000
-20.8498 18.4588 0.0000 0.6000 0.0000 0.0000
-20.8998 18.4585 0.0000 0.6000 0.0000 0.0000
-20.9498 18.4581 0.0000 0.6000 0.0000 0.0000
-20.9998 18.4577 0.0000 0.6000 0.0000 0.0000
-21.0498 18.4574 0.0000 0.6000 0.0000 0.0000
-21.0998 18.4570 0.0000 0.6000 0.0000 0.0000
-21.1498 18.4566 0.0000 0.6000 0.0000 0.0000
-21.1998 18.4563 0.0000 0.6000 0.0000 0.0000
-21.2498 18.4559 0.0000 0.6000 0.0000 0.0000
-21.2998 18.4555 0.0000 0.6000 0.0000 0.0000
-21.3498 18.4551 0.0000 0.6000 0.0000 0.0000
-21.3998 18.4548 0.0000 0.6000 0.0000 0.0000
-21.4498 18.4544 0.0000 0.6000 0.0000 0.0000
-21.4998 18.4540 0.0000 0.6000 0.0000 0.0000
-21.5498 18.4537 0.0000 0.6000 0.0000 0.0000
-21.5998 18.4533 0.0000 0.6000 0.0000 0.0000
-21.6498 18.4529 0.0000 0.6000 0.0000 0.0000
-21.6998 18.4526 0.0000 0.6000 0.0000 0.0000
-21.7498 18.4522 0.0000 0.6000 0.0000 0.0000
-21.7998 18.4518 0.0000 0.6000 0.0000 0.0000
-21.8498 18.4515 0.0000 0.6000 0.0000 0.0000
-21.8998 18.4511 0.0000 0.6000 0.0000 0.0000
-21.9498 18.4507 0.0000 0.6000 0.0000 0.0000
-21.9998 18.4504 0.0000 0.6000 0.0000 0.0000
-22.0498 18.4500 0.0000 0.6000 0.0000 0.0000
-22.0500 18.4500 0.0000 0.6000 0.0000 0.0000
-22.0903 18.4795 0.0000 0.6000 0.0000 0.0000
-22.1307 18.5091 0.0000 0.6000 0.0000 0.0000
-22.1710 18.5386 0.0000 0.6000 0.0000 0.0000
-22.2114 18.5682 0.0000 0.6000 0.0000 0.0000
-22.2517 18.5977 0.0000 0.6000 0.0000 0.0000
-22.2920 18.6273 0.0000 0.6000 0.0000 0.0000
-22.3324 18.6568 0.0000 0.6000 0.0000 0.0000
-22.3727 18.6863 0.0000 0.6000 0.0000 0.0000
-22.4130 18.7159 0.0000 0.6000 0.0000 0.0000
-22.4534 18.7454 0.0000 0.6000 0.0000 0.0000
-22.4937 18.7750 0.0000 0.6000 0.0000 0.0000
-22.5341 18.8045 0.0000 0.6000 0.0000 0.0000
-22.5744 18.8341 0.0000 0.6000 0.0000 0.0000
-22.6147 18.8636 0.0000 0.6000 0.0000 0.0000
-22.6551 18.8932 0.0000 0.6000 0.0000 0.0000
-22.6954 18.9227 0.0000 0.6000 0.0000 0.0000
-22.7358 18.9522 0.0000 0.6000 0.0000 0.0000
-22.7761 18.9818 0.0000 0.6000 0.0000 0.0000
-22.8164 19.0113 0.0000 0.6000 0.0000 0.0000
-22.8568 19.0409 0.0000 0.6000 0.0000 0.0000
-22.8971 19.0704 0.0000 0.6000 0.0000 0.0000
-22.9374 19.1000 0.0000 0.6000 0.0000 0.0000
-22.9778 19.1295 0.0000 0.6000 0.0000 0.0000
-23.0181 19.1590 0.0000 0.6000 0.0000 0.0000
-23.0585 19.1886 0.0000 0.6000 0.0000 0.0000
-23.0988 19.2181 0.0000 0.6000 0.0000 0.0000
-23.1391 19.2477 0.0000 0.6000 0.0000 0.0000
-23.1795 19.2772 0.0000 0.6000 0.0000 0.0000
-23.2198 19.3068 0.0000 0.6000 0.0000 0.0000
-23.2601 19.3363 0.0000 0.6000 0.0000 0.0000
-23.3005 19.3658 0.0000 0.6000 0.0000 0.0000
-23.3408 19.3954 0.0000 0.6000 0.0000 0.0000
-23.3812 19.4249 0.0000 0.6000 0.0000 0.0000
-23.4215 19.4545 0.0000 0.6000 0.0000 0.0000
-23.4618 19.4840 0.0000 0.6000 0.0000 0.0000
-23.5022 19.5136 0.0000 0.6000 0.0000 0.0000
-23.5425 19.5431 0.0000 0.6000 0.0000 0.0000
-23.5829 19.5727 0.0000 0.6000 0.0000 0.0000
-23.6232 19.6022 0.0000 0.6000 0.0000 0.0000
-23.6635 19.6317 0.0000 0.6000 0.0000 0.0000
-23.7039 19.6613 0.0000 0.6000 0.0000 0.0000
-23.7442 19.6908 0.0000 0.6000 0.0000 0.0000
-23.7845 19.7204 0.0000 0.6000 0.0000 0.0000
-23.8249 19.7499 0.0000 0.6000 0.0000 0.0000
-23.8652 19.7795 0.0000 0.6000 0.0000 0.0000
-23.9056 19.8090 0.0000 0.6000 0.0000 0.0000
-23.9459 19.8385 0.0000 0.6000 0.0000 0.0000
-23.9862 19.8681 0.0000 0.6000 0.0000 0.0000
-24.0266 19.8976 0.0000 0.6000 0.0000 0.0000
-24.0669 19.9272 0.0000 0.6000 0.0000 0.0000
-24.1073 19.9567 0.0000 0.6000 0.0000 0.0000
-24.1476 19.9863 0.0000 0.6000 0.0000 0.0000
-24.1879 20.0158 0.0000 0.6000 0.0000 0.0000
-24.2283 20.0454 0.0000 0.6000 0.0000 0.0000
-24.2686 20.0749 0.0000 0.6000 0.0000 0.0000
-24.3089 20.1044 0.0000 0.6000 0.0000 0.0000
-24.3493 20.1340 0.0000 0.6000 0.0000 0.0000
-24.3896 20.1635 0.0000 0.6000 0.0000 0.0000
-24.4300 20.1931 0.0000 0.6000 0.0000 0.0000
-24.4703 20.2226 0.0000 0.6000 0.0000 0.0000
-24.5106 20.2522 0.0000 0.6000 0.0000 0.0000
-24.5510 20.2817 0.0000 0.6000 0.0000 0.0000
-24.5913 20.3112 0.0000 0.6000 0.0000 0.0000
-24.6317 20.3408 0.0000 0.6000 0.0000 0.0000
-24.6720 20.3703 0.0000 0.6000 0.0000 0.0000
-24.7123 20.3999 0.0000 0.6000 0.0000 0.0000
-24.7527 20.4294 0.0000 0.6000 0.0000 0.0000
-24.7930 20.4590 0.0000 0.6000 0.0000 0.0000
-24.8333 20.4885 0.0000 0.6000 0.0000 0.0000
-24.8737 20.5180 0.0000 0.6000 0.0000 0.0000
-24.9140 20.5476 0.0000 0.6000 0.0000 0.0000
-24.9544 20.5771 0.0000 0.6000 0.0000 0.0000
-24.9947 20.6067 0.0000 0.6000 0.0000 0.0000
-25.0350 20.6362 0.0000 0.6000 0.0000 0.0000
-25.0754 20.6658 0.0000 0.6000 0.0000 0.0000
-25.1157 20.6953 0.0000 0.6000 0.0000 0.0000
-25.1560 20.7249 0.0000 0.6000 0.0000 0.0000
-25.1964 20.7544 0.0000 0.6000 0.0000 0.0000
-25.2367 20.7839 0.0000 0.6000 0.0000 0.0000
-25.2771 20.8135 0.0000 0.6000 0.0000 0.0000
-25.3174 20.8430 0.0000 0.6000 0.0000 0.0000
-25.3577 20.8726 0.0000 0.6000 0.0000 0.0000
-25.3981 20.9021 0.0000 0.6000 0.0000 0.0000
-25.4384 20.9317 0.0000 0.6000 0.0000 0.0000
-25.4788 20.9612 0.0000 0.6000 0.0000 0.0000
-25.5191 20.9907 0.0000 0.6000 0.0000 0.0000
-25.5594 21.0203 0.0000 0.6000 0.0000 0.0000
-25.5998 21.0498 0.0000 0.6000 0.0000 0.0000
-25.6000 21.0500 0.0000 0.6000 0.0000 0.0000
-25.5789 21.0047 0.0000 0.6000 0.0000 0.0000
-25.5577 20.9594 0.0000 0.6000 0.0000 0.0000
-25.5366 20.9141 0.0000 0.6000 0.0000 0.0000
-25.5154 20.8688 0.0000 0.6000 0.0000 0.0000
-25.4943 20.8235 0.0000 0.6000 0.0000 0.0000
-25.4731 20.7781 0.0000 0.6000 0.0000 0.0000
-25.4520 20.7328 0.0000 0.6000 0.0000 0.0000
-25.4308 20.6875 0.0000 0.6000 0.0000 0.0000
-25.4097 20.6422 0.0000 0.5900 0.0000 0.0000
-25.3886 20.5969 0.0000 0.5800 0.0000 0.0000
-25.3674 20.5516 0.0000 0.5700 0.0000 0.0000
-25.3463 20.5063 0.0000 0.5600 0.0000 0.0000
-25.3251 20.4610 0.0000 0.5500 0.0000 0.0000
-25.3040 20.4157 0.0000 0.5400 0.0000 0.0000
-25.2828 20.3704 0.0000 0.5300 0.0000 0.0000
-25.2617 20.3251 0.0000 0.5200 0.0000 0.0000
-25.2405 20.2797 0.0000 0.5100 0.0000 0.0000
-25.2194 20.2344 0.0000 0.5000 0.0000 0.0000
-25.1983 20.1891 0.0000 0.4900 0.0000 0.0000
-25.1771 20.1438 0.0000 0.4800 0.0000 0.0000
-25.1560 20.0985 0.0000 0.4700 0.0000 0.0000
-25.1348 20.0532 0.0000 0.4600 0.0000 0.0000
-25.1137 20.0079 0.0000 0.4500 0.0000 0.0000
-25.0925 19.9626 0.0000 0.4400 0.0000 0.0000
-25.0714 19.9173 0.0000 0.4300 0.0000 0.0000
-25.0502 19.8720 0.0000 0.4200 0.0000 0.0000
-25.0291 19.8267 0.0000 0.4100 0.0000 0.0000
-25.0080 19.7813 0.0000 0.4000 0.0000 0.0000
-24.9868 19.7360 0.0000 0.3900 0.0000 0.0000
-24.9657 19.6907 0.0000 0.3800 0.0000 0.0000
-24.9445 19.6454 0.0000 0.3700 0.0000 0.0000
-24.9234 19.6001 0.0000 0.3600 0.0000 0.0000
-24.9022 19.5548 0.0000 0.3500 0.0000 0.0000
-24.9000 19.5500 0.0000 0.3500 0.0000 0.0000
