-16.8000 15.6000 0.0000 0.3500 0.0000 0.0000
-16.7630 15.6336 0.0000 0.3600 0.0000 0.0000
-16.7260 15.6673 0.0000 0.3700 0.0000 0.0000
-16.6890 15.7009 0.0000 0.3800 0.0000 0.0000
-16.6520 15.7345 0.0000 0.3900 0.0000 0.0000
-16.6150 15.7682 0.0000 0.4000 0.0000 0.0000
-16.5780 15.8018 0.0000 0.4100 0.0000 0.0000
-16.5410 15.8354 0.0000 0.4200 0.0000 0.0000
-16.5040 15.8691 0.0000 0.4300 0.0000 0.0000
-16.4670 15.9027 0.0000 0.4400 0.0000 0.0000
-16.4300 15.9363 0.0000 0.4500 0.0000 0.0000
-16.3930 15.9700 0.0000 0.4600 0.0000 0.0000
-16.3560 16.0036 0.0000 0.4700 0.0000 0.0000
-16.3190 16.0372 0.0000 0.4800 0.0000 0.0000
-16.2820 16.0709 0.0000 0.4900 0.0000 0.0000
-16.2450 16.1045 0.0000 0.5000 0.0000 0.0000
-16.2080 16.1381 0.0000 0.5100 0.0000 0.0000
-16.1711 16.1718 0.0000 0.5200 0.0000 0.0000
-16.1341 16.2054 0.0000 0.5300 0.0000 0.0000
-16.0971 16.2390 0.0000 0.5400 0.0000 0.0000
-16.0601 16.2727 0.0000 0.5500 0.0000 0.0000
-16.0231 16.3063 0.0000 0.5600 0.0000 0.0000
-15.9861 16.3399 0.0000 0.5700 0.0000 0.0000
-15.9491 16.3736 0.0000 0.5800 0.0000 0.0000
-15.9121 16.4072 0.0000 0.5900 0.0000 0.0000
-15.8751 16.4408 0.0000 0.6000 0.0000 0.0000
-15.8381 16.4745 0.0000 0.6000 0.0000 0.0000
-15.8011 16.5081 0.0000 0.6000 0.0000 0.0000
-15.7641 16.5417 0.0000 0.6000 0.0000 0.0000
-15.7271 16.5754 0.0000 0.6000 0.0000 0.0000
-15.6901 16.6090 0.0000 0.6000 0.0000 0.0000
-15.6531 16.6426 0.0000 0.6000 0.0000 0.0000
-15.6161 16.6763 0.0000 0.6000 0.0000 0.0000
-15.5791 16.7099 0.0000 0.6000 0.0000 0.0000
-15.5421 16.7435 0.0000 0.6000 0.0000 0.0000
-15.5051 16.7772 0.0000 0.6000 0.0000 0.0000
-15.4681 16.8108 0.0000 0.6000 0.0000 0.0000
-15.4311 16.8444 0.0000 0.6000 0.0000 0.0000
-15.3941 16.8781 0.0000 0.6000 0.0000 0.0000
-15.3571 16.9117 0.0000 0.6000 0.0000 0.0000
-15.3201 16.9453 0.0000 0.6000 0.0000 0.0000
-15.2831 16.9790 0.0000 0.6000 0.0000 0.0000
-15.2461 17.0126 0.0000 0.6000 0.0000 0.0000
-15.2091 17.0462 0.0000 0.6000 0.0000 0.0000
-15.1721 17.0799 0.0000 0.6000 0.0000 0.0000
-15.1500 17.1000 0.0000 0.6000 0.0000 0.0000
-15.1536 17.1499 0.0000 0.6000 0.0000 0.0000
-15.1571 17.1997 0.0000 0.6000 0.0000 0.0000
-15.1607 17.2496 0.0000 0.6000 0.0000 0.0000
-15.1642 17.2995 0.0000 0.5900 0.0000 0.0000
-15.1678 17.3494 0.0000 0.5800 0.0000 0.0000
-15.1714 17.3992 0.0000 0.5700 0.0000 0.0000
-15.1749 17.4491 0.0000 0.5600 0.0000 0.0000
-15.1785 17.4990 0.0000 0.5500 0.0000 0.0000
-15.1821 17.5489 0.0000 0.5400 0.0000 0.0000
-15.1856 17.5987 0.0000 0.5300 0.0000 0.0000
-15.1892 17.6486 0.0000 0.5200 0.0000 0.0000
-15.1927 17.6985 0.0000 0.5100 0.0000 0.0000
-15.1963 17.7483 0.0000 0.5000 0.0000 0.0000
-15.1999 17.7982 0.0000 0.4900 0.0000 0.0000
-15.2034 17.8481 0.0000 0.4800 0.0000 0.0000
-15.2070 17.8980 0.0000 0.4700 0.0000 0.0000
-15.2106 17.9478 0.0000 0.4600 0.0000 0.0000
-15.2141 17.9977 0.0000 0.4500 0.0000 0.0000
-15.2177 18.0476 0.0000 0.4400 0.0000 0.0000
-15.2212 18.0975 0.0000 0.4300 0.0000 0.0000
-15.2248 18.1473 0.0000 0.4200 0.0000 0.0000
-15.2284 18.1972 0.0000 0.4100 0.0000 0.0000
-15.2319 18.2471 0.0000 0.4000 0.0000 0.0000
-15.2355 18.2970 0.0000 0.3900 0.0000 0.0000
-15.2391 18.3468 0.0000 0.3800 0.0000 0.0000
-15.2426 18.3967 0.0000 0.3700 0.0000 0.0000
-15.2462 18.4466 0.0000 0.3600 0.0000 0.0000
-15.2497 18.4964 0.0000 0.3500 0.0000 0.0000
-15.2500 18.5000 0.0000 0.3500 0.0000 0.0000
