-9.9000 18.7000 0.0000 0.3500 0.0000 0.0000
-9.8502 18.7040 0.0000 0.3600 0.0000 0.0000
-9.8003 18.7080 0.0000 0.3700 0.0000 0.0000
-9.7505 18.7120 0.0000 0.3800 0.0000 0.0000
-9.7006 18.7159 0.0000 0.3900 0.0000 0.0000
-9.6508 18.7199 0.0000 0.4000 0.0000 0.0000
-9.6010 18.7239 0.0000 0.4100 0.0000 0.0000
-9.5511 18.7279 0.0000 0.4200 0.0000 0.0000
-9.5013 18.7319 0.0000 0.4300 0.0000 0.0000
-9.4514 18.7359 0.0000 0.4400 0.0000 0.0000
-9.4016 18.7399 0.0000 0.4500 0.0000 0.0000
-9.3518 18.7439 0.0000 0.4600 0.0000 0.0000
-9.3019 18.7478 0.0000 0.4700 0.0000 0.0000
-9.2521 18.7518 0.0000 0.4800 0.0000 0.0000
-9.2022 18.7558 0.0000 0.4900 0.0000 0.0000
-9.1524 18.7598 0.0000 0.5000 0.0000 0.0000
-9.1025 18.7638 0.0000 0.5100 0.0000 0.0000
-9.0527 18.7678 0.0000 0.5200 0.0000 0.0000
-9.0029 18.7718 0.0000 0.5300 0.0000 0.0000
-8.9530 18.7758 0.0000 0.5400 0.0000 0.0000
-8.9032 18.7797 0.0000 0.5500 0.0000 0.0000
-8.8533 18.7837 0.0000 0.5600 0.0000 0.0000
-8.8035 18.7877 0.0000 0.5700 0.0000 0.0000
-8.7537 18.7917 0.0000 0.5800 0.0000 0.0000
-8.7038 18.7957 0.0000 0.5900 0.0000 0.0000
-8.6540 18.7997 0.0000 0.6000 0.0000 0.0000
-8.6500 18.8000 0.0000 0.6000 0.0000 0.0000
-8.6001 18.7971 0.0000 0.6000 0.0000 0.0000
-8.5502 18.7943 0.0000 0.6000 0.0000 0.0000
-8.5002 18.7914 0.0000 0.6000 0.0000 0.0000
-8.4503 18.7886 0.0000 0.6000 0.0000 0.0000
-8.4004 18.7857 0.0000 0.6000 0.0000 0.0000
-8.3505 18.7829 0.0000 0.6000 0.0000 0.0000
-8.3006 18.7800 0.0000 0.6000 0.0000 0.0000
-8.2507 18.7772 0.0000 0.6000 0.0000 0.0000
-8.2007 18.7743 0.0000 0.6000 0.0000 0.0000
-8.1508 18.7715 0.0000 0.6000 0.0000 0.0000
-8.1009 18.7686 0.0000 0.6000 0.0000 0.0000
-8.0510 18.7658 0.0000 0.6000 0.0000 0.0000
-8.0011 18.7629 0.0000 0.6000 0.0000 0.0000
-7.9511 18.7601 0.0000 0.6000 0.0000 0.0000
-7.9012 18.7572 0.0000 0.6000 0.0000 0.0000
-7.8513 18.7544 0.0000 0.6000 0.0000 0.0000
-7.8014 18.7515 0.0000 0.6000 0.0000 0.0000
-7.7515 18.7487 0.0000 0.6000 0.0000 0.0000
-7.7015 18.7458 0.0000 0.6000 0.0000 0.0000
-7.6516 18.7430 0.0000 0.6000 0.0000 0.0000
-7.6017 18.7401 0.0000 0.6000 0.0000 0.0000
-7.5518 18.7372 0.0000 0.6000 0.0000 0.0000
-7.5019 18.7344 0.0000 0.6000 0.0000 0.0000
-7.4520 18.7315 0.0000 0.6000 0.0000 0.0000
-7.4020 18.7287 0.0000 0.6000 0.0000 0.0000
-7.3521 18.7258 0.0000 0.6000 0.0000 0.0000
-7.3022 18.7230 0.0000 0.6000 0.0000 0.0000
-7.2523 18.7201 0.0000 0.6000 0.0000 0.0000
-7.2024 18.7173 0.0000 0.6000 0.0000 0.0000
-7.1524 18.7144 0.0000 0.6000 0.0000 0.0000
-7.1025 18.7116 0.0000 0.6000 0.0000 0.0000
-7.0526 18.7087 0.0000 0.6000 0.0000 0.0000
-7.0027 18.7059 0.0000 0.6000 0.0000 0.0000
-6.9528 18.7030 0.0000 0.6000 0.0000 0.0000
-6.9029 18.7002 0.0000 0.6000 0.0000 0.0000
-6.9000 18.7000 0.0000 0.6000 0.0000 0.0000
-6.9500 18.6988 0.0000 0.6000 0.0000 0.0000
-7.0000 18.6976 0.0000 0.6000 0.0000 0.0000
-7.0500 18.6964 0.0000 0.6000 0.0000 0.0000
-7.0999 18.6952 0.0000 0.6000 0.0000 0.0000
-7.1499 18.6940 0.0000 0.6000 0.0000 0.0000
-7.1999 18.6928 0.0000 0.6000 0.0000 0.0000
-7.2499 18.6916 0.0000 0.6000 0.0000 0.0000
-7.2999 18.6904 0.0000 0.6000 0.0000 0.0000
-7.3499 18.6892 0.0000 0.6000 0.0000 0.0000
-7.3999 18.6880 0.0000 0.6000 0.0000 0.0000
-7.4498 18.6868 0.0000 0.6000 0.0000 0.0000
-7.4998 18.6856 0.0000 0.6000 0.0000 0.0000
-7.5498 18.6844 0.0000 0.6000 0.0000 0.0000
-7.5998 18.6832 0.0000 0.6000 0.0000 0.0000
-7.6498 18.6820 0.0000 0.6000 0.0000 0.0000
-7.6998 18.6808 0.0000 0.6000 0.0000 0.0000
-7.7498 18.6796 0.0000 0.6000 0.0000 0.0000
-7.7997 18.6784 0.0000 0.6000 0.0000 0.0000
-7.8497 18.6773 0.0000 0.6000 0.0000 0.0000
-7.8997 18.6761 0.0000 0.6000 0.0000 0.0000
-7.9497 18.6749 0.0000 0.6000 0.0000 0.0000
-7.9997 18.6737 0.0000 0.6000 0.0000 0.0000
-8.0497 18.6725 0.0000 0.6000 0.0000 0.0000
-8.0997 18.6713 0.0000 0.6000 0.0000 0.0000
-8.1496 18.6701 0.0000 0.6000 0.0000 0.0000
-8.1996 18.6689 0.0000 0.6000 0.0000 0.0000
-8.2496 18.6677 0.0000 0.6000 0.0000 0.0000
-8.2996 18.6665 0.0000 0.6000 0.0000 0.0000
-8.3496 18.6653 0.0000 0.6000 0.0000 0.0000
-8.3996 18.6641 0.0000 0.6000 0.0000 0.0000
-8.4496 18.6629 0.0000 0.6000 0.0000 0.0000
-8.4995 18.6617 0.0000 0.6000 0.0000 0.0000
-8.5495 18.6605 0.0000 0.6000 0.0000 0.0000
-8.5995 18.6593 0.0000 0.6000 0.0000 0.0000
-8.6495 18.6581 0.0000 0.6000 0.0000 0.0000
-8.6995 18.6569 0.0000 0.6000 0.0000 0.0000
-8.7495 18.6557 0.0000 0.6000 0.0000 0.0000
-8.7995 18.6545 0.0000 0.6000 0.0000 0.0000
-8.8494 18.6533 0.0000 0.6000 0.0000 0.0000
-8.8994 18.6521 0.0000 0.6000 0.0000 0.0000
-8.9494 18.6509 0.0000 0.6000 0.0000 0.0000
-8.9994 18.6497 0.0000 0.6000 0.0000 0.0000
-9.0494 18.6485 0.0000 0.6000 0.0000 0.0000
-9.0994 18.6473 0.0000 0.6000 0.0000 0.0000
-9.1494 18.6461 0.0000 0.6000 0.0000 0.0000
-9.1993 18.6449 0.0000 0.6000 0.0000 0.0000
-9.2493 18.6437 0.0000 0.6000 0.0000 0.0000
-9.2993 18.6425 0.0000 0.6000 0.0000 0.0000
-9.3493 18.6413 0.0000 0.6000 0.0000 0.0000
-9.3993 18.6401 0.0000 0.6000 0.0000 0.0000
-9.4493 18.6389 0.0000 0.6000 0.0000 0.0000
-9.4993 18.6377 0.0000 0.6000 0.0000 0.0000
-9.5492 18.6365 0.0000 0.6000 0.0000 0.0000
-9.5992 18.6353 0.0000 0.6000 0.0000 0.0000
-9.6492 18.6342 0.0000 0.6000 0.0000 0.0000
-9.6992 18.6330 0.0000 0.6000 0.0000 0.0000
-9.7492 18.6318 0.0000 0.6000 0.0000 0.0000
-9.7992 18.6306 0.0000 0.6000 0.0000 0.0000
-9.8492 18.6294 0.0000 0.6000 0.0000 0.0000
-9.8991 18.6282 0.0000 0.6000 0.0000 0.0000
-9.9491 18.6270 0.0000 0.6000 0.0000 0.0000
-9.9991 18.6258 0.0000 0.6000 0.0000 0.0000
-10.0491 18.6246 0.0000 0.6000 0.0000 0.0000
-10.0991 18.6234 0.0000 0.6000 0.0000 0.0000
-10.1491 18.6222 0.0000 0.6000 0.0000 0.0000
-10.1991 18.6210 0.0000 0.6000 0.0000 0.0000
-10.2490 18.6198 0.0000 0.6000 0.0000 0.0000
-10.2990 18.6186 0.0000 0.6000 0.0000 0.0000
-10.3490 18.6174 0.0000 0.6000 0.0000 0.0000
-10.3990 18.6162 0.0000 0.6000 0.0000 0.0000
-10.4490 18.6150 0.0000 0.6000 0.0000 0.0000
-10.4990 18.6138 0.0000 0.6000 0.0000 0.0000
-10.5490 18.6126 0.0000 0.6000 0.0000 0.0000
-10.5989 18.6114 0.0000 0.6000 0.0000 0.0000
-10.6489 18.6102 0.0000 0.6000 0.0000 0.0000
-10.6989 18.6090 0.0000 0.6000 0.0000 0.0000
-10.7489 18.6078 0.0000 0.6000 0.0000 0.0000
-10.7989 18.6066 0.0000 0.6000 0.0000 0.0000
-10.8489 18.6054 0.0000 0.6000 0.0000 0.0000
-10.8989 18.6042 0.0000 0.6000 0.0000 0.0000
-10.9488 18.6030 0.0000 0.6000 0.0000 0.0000
-10.9988 18.6018 0.0000 0.6000 0.0000 0.0000
-11.0488 18.6006 0.0000 0.6000 0.0000 0.0000
-11.0988 18.5994 0.0000 0.6000 0.0000 0.0000
-11.1488 18.5982 0.0000 0.6000 0.0000 0.0000
-11.1988 18.5970 0.0000 0.6000 0.0000 0.0000
-11.2488 18.5958 0.0000 0.6000 0.0000 0.0000
-11.2987 18.5946 0.0000 0.6000 0.0000 0.0000
-11.3487 18.5934 0.0000 0.6000 0.0000 0.0000
-11.3987 18.5922 0.0000 0.6000 0.0000 0.0000
-11.4487 18.5910 0.0000 0.6000 0.0000 0.0000
-11.4987 18.5899 0.0000 0.6000 0.0000 0.0000
-11.5487 18.5887 0.0000 0.6000 0.0000 0.0000
-11.5987 18.5875 0.0000 0.6000 0.0000 0.0000
-11.6486 18.5863 0.0000 0.6000 0.0000 0.0000
-11.6986 18.5851 0.0000 0.6000 0.0000 0.0000
-11.7486 18.5839 0.0000 0.6000 0.0000 0.0000
-11.7986 18.5827 0.0000 0.6000 0.0000 0.0000
-11.8486 18.5815 0.0000 0.6000 0.0000 0.0000
-11.8986 18.5803 0.0000 0.6000 0.0000 0.0000
-11.9486 18.5791 0.0000 0.6000 0.0000 0.0000
-11.9985 18.5779 0.0000 0.6000 0.0000 0.0000
-12.0485 18.5767 0.0000 0.6000 0.0000 0.0000
-12.0985 18.5755 0.0000 0.6000 0.0000 0.0000
-12.1485 18.5743 0.0000 0.6000 0.0000 0.0000
-12.1985 18.5731 0.0000 0.6000 0.0000 0.0000
-12.2485 18.5719 0.0000 0.6000 0.0000 0.0000
-12.2985 18.5707 0.0000 0.6000 0.0000 0.0000
-12.3484 18.5695 0.0000 0.6000 0.0000 0.0000
-12.3984 18.5683 0.0000 0.6000 0.0000 0.0000
-12.4484 18.5671 0.0000 0.6000 0.0000 0.0000
-12.4984 18.5659 0.0000 0.6000 0.0000 0.0000
-12.5484 18.5647 0.0000 0.6000 0.0000 0.0000
-12.5984 18.5635 0.0000 0.6000 0.0000 0.0000
-12.6484 18.5623 0.0000 0.6000 0.0000 0.0000
-12.6983 18.5611 0.0000 0.6000 0.0000 0.0000
-12.7483 18.5599 0.0000 0.6000 0.0000 0.0000
-12.7983 18.5587 0.0000 0.6000 0.0000 0.0000
-12.8483 18.5575 0.0000 0.6000 0.0000 0.0000
-12.8983 18.5563 0.0000 0.6000 0.0000 0.0000
-12.9483 18.5551 0.0000 0.6000 0.0000 0.0000
-12.9983 18.5539 0.0000 0.6000 0.0000 0.0000
-13.0482 18.5527 0.0000 0.6000 0.0000 0.0000
-13.0982 18.5515 0.0000 0.6000 0.0000 0.0000
-13.1482 18.5503 0.0000 0.6000 0.0000 0.0000
-13.1982 18.5491 0.0000 0.6000 0.0000 0.0000
-13.2482 18.5479 0.0000 0.6000 0.0000 0.0000
-13.2982 18.5468 0.0000 0.6000 0.0000 0.0000
-13.3482 18.5456 0.0000 0.6000 0.0000 0.0000
-13.3981 18.5444 0.0000 0.6000 0.0000 0.0000
-13.4481 18.5432 0.0000 0.6000 0.0000 0.0000
-13.4981 18.5420 0.0000 0.6000 0.0000 0.0000
-13.5481 18.5408 0.0000 0.6000 0.0000 0.0000
-13.5981 18.5396 0.0000 0.6000 0.0000 0.0000
-13.6481 18.5384 0.0000 0.6000 0.0000 0.0000
-13.6981 18.5372 0.0000 0.6000 0.0000 0.0000
-13.7480 18.5360 0.0000 0.6000 0.0000 0.0000
-13.7980 18.5348 0.0000 0.6000 0.0000 0.0000
-13.8480 18.5336 0.0000 0.6000 0.0000 0.0000
-13.8980 18.5324 0.0000 0.6000 0.0000 0.0000
-13.9480 18.5312 0.0000 0.6000 0.0000 0.0000
-13.9980 18.5300 0.0000 0.6000 0.0000 0.0000
-14.0479 18.5288 0.0000 0.6000 0.0000 0.0000
-14.0979 18.5276 0.0000 0.6000 0.0000 0.0000
-14.1479 18.5264 0.0000 0.6000 0.0000 0.0000
-14.1979 18.5252 0.0000 0.6000 0.0000 0.0000
-14.2479 18.5240 0.0000 0.6000 0.0000 0.0000
-14.2979 18.5228 0.0000 0.6000 0.0000 0.0000
-14.3479 18.5216 0.0000 0.6000 0.0000 0.0000
-14.3978 18.5204 0.0000 0.6000 0.0000 0.0000
-14.4478 18.5192 0.0000 0.6000 0.0000 0.0000
-14.4978 18.5180 0.0000 0.6000 0.0000 0.0000
-14.5478 18.5168 0.0000 0.6000 0.0000 0.0000
-14.5978 18.5156 0.0000 0.6000 0.0000 0.0000
-14.6478 18.5144 0.0000 0.6000 0.0000 0.0000
-14.6978 18.5132 0.0000 0.6000 0.0000 0.0000
-14.7477 18.5120 0.0000 0.6000 0.0000 0.0000
-14.7977 18.5108 0.0000 0.6000 0.0000 0.0000
-14.8477 18.5096 0.0000 0.6000 0.0000 0.0000
-14.8977 18.5084 0.0000 0.6000 0.0000 0.0000
-14.9477 18.5072 0.0000 0.6000 0.0000 0.0000
-14.9977 18.5060 0.0000 0.6000 0.0000 0.0000
-15.0477 18.5048 0.0000 0.6000 0.0000 0.0000
-15.0976 18.5036 0.0000 0.6000 0.0000 0.0000
-15.1476 18.5025 0.0000 0.6000 0.0000 0.0000
-15.1976 18.5013 0.0000 0.6000 0.0000 0.0000
-15.2476 18.5001 0.0000 0.6000 0.0000 0.0000
-15.2500 18.5000 0.0000 0.6000 0.0000 0.0000
-15.3000 18.4996 0.0000 0.6000 0.0000 0.0000
-15.3500 18.4993 0.0000 0.6000 0.0000 0.0000
-15.4000 18.4989 0.0000 0.6000 0.0000 0.0000
-15.4500 18.4985 0.0000 0.6000 0.0000 0.0000
-15.5000 18.4982 0.0000 0.6000 0.0000 0.0000
-15.5500 18.4978 0.0000 0.6000 0.0000 0.0000
-15.6000 18.4974 0.0000 0.6000 0.0000 0.0000
-15.6500 18.4971 0.0000 0.6000 0.0000 0.0000
-15.7000 18.4967 0.0000 0.6000 0.0000 0.0000
-15.7500 18.4963 0.0000 0.6000 0.0000 0.0000
-15.8000 18.4960 0.0000 0.6000 0.0000 0.0000
-15.8500 18.4956 0.0000 0.6000 0.0000 0.0000
-15.9000 18.4952 0.0000 0.6000 0.0000 0.0000
-15.9500 18.4949 0.0000 0.6000 0.0000 0.0000
-16.0000 18.4945 0.0000 0.6000 0.0000 0.0000
-16.0500 18.4941 0.0000 0.6000 0.0000 0.0000
-16.1000 18.4938 0.0000 0.6000 0.0000 0.0000
-16.1500 18.4934 0.0000 0.6000 0.0000 0.0000
-16.2000 18.4930 0.0000 0.6000 0.0000 0.0000
-16.2500 18.4926 0.0000 0.6000 0.0000 0.0000
-16.3000 18.4923 0.0000 0.6000 0.0000 0.0000
-16.3500 18.4919 0.0000 0.6000 0.0000 0.0000
-16.4000 18.4915 0.0000 0.6000 0.0000 0.0000
-16.4500 18.4912 0.0000 0.6000 0.0000 0.0000
-16.5000 18.4908 0.0000 0.6000 0.0000 0.0000
-16.5500 18.4904 0.0000 0.6000 0.0000 0.0000
-16.6000 18.4901 0.0000 0.6000 0.0000 0.0000
-16.6500 18.4897 0.0000 0.6000 0.0000 0.0000
-16.7000 18.4893 0.0000 0.6000 0.0000 0.0000
-16.7500 18.4890 0.0000 0.6000 0.0000 0.0000
-16.8000 18.4886 0.0000 0.6000 0.0000 0.0000
-16.8500 18.4882 0.0000 0.6000 0.0000 0.0000
-16.9000 18.4879 0.0000 0.6000 0.0000 0.0000
-16.9500 18.4875 0.0000 0.6000 0.0000 0.0000
-17.0000 18.4871 0.0000 0.6000 0.0000 0.0000
-17.0500 18.4868 0.0000 0.6000 0.0000 0.0000
-17.0999 18.4864 0.0000 0.6000 0.0000 0.0000
-17.1499 18.4860 0.0000 0.6000 0.0000 0.0000
-17.1999 18.4857 0.0000 0.6000 0.0000 0.0000
-17.2499 18.4853 0.0000 0.6000 0.0000 0.0000
-17.2999 18.4849 0.0000 0.6000 0.0000 0.0000
-17.3499 18.4846 0.0000 0.6000 0.0000 0.0000
-17.3999 18.4842 0.0000 0.6000 0.0000 0.0000
-17.4499 18.4838 0.0000 0.6000 0.0000 0.0000
-17.4999 18.4835 0.0000 0.6000 0.0000 0.0000
-17.5499 18.4831 0.0000 0.6000 0.0000 0.0000
-17.5999 18.4827 0.0000 0.6000 0.0000 0.0000
-17.6499 18.4824 0.0000 0.6000 0.0000 0.0000
-17.6999 18.4820 0.0000 0.6000 0.0000 0.0000
-17.7499 18.4816 0.0000 0.6000 0.0000 0.0000
-17.7999 18.4813 0.0000 0.6000 0.0000 0.0000
-17.8499 18.4809 0.0000 0.6000 0.0000 0.0000
-17.8999 18.4805 0.0000 0.6000 0.0000 0.0000
-17.9499 18.4801 0.0000 0.6000 0.0000 0.0000
-17.9999 18.4798 0.0000 0.6000 0.0000 0.0000
-18.0499 18.4794 0.0000 0.6000 0.0000 0.0000
-18.0999 18.4790 0.0000 0.6000 0.0000 0.0000
-18.1499 18.4787 0.0000 0.6000 0.0000 0.0000
-18.1999 18.4783 0.0000 0.6000 0.0000 0.0000
-18.2499 18.4779 0.0000 0.6000 0.0000 0.0000
-18.2999 18.4776 0.0000 0.6000 0.0000 0.0000
-18.3499 18.4772 0.0000 0.6000 0.0000 0.0000
-18.3999 18.4768 0.0000 0.6000 0.0000 0.0000
-18.4499 18.4765 0.0000 0.6000 0.0000 0.0000
-18.4999 18.4761 0.0000 0.6000 0.0000 0.0000
-18.5499 18.4757 0.0000 0.6000 0.0000 0.0000
-18.5999 18.4754 0.0000 0.6000 0.0000 0.0000
-18.6499 18.4750 0.0000 0.6000 0.0000 0.0000
-18.6999 18.4746 0.0000 0.6000 0.0000 0.0000
-18.7499 18.4743 0.0000 0.6000 0.0000 0.0000
-18.7999 18.4739 0.0000 0.6000 0.0000 0.0000
-18.8499 18.4735 0.0000 0.6000 0.0000 0.0000
-18.8999 18.4732 0.0000 0.6000 0.0000 0.0000
-18.9499 18.4728 0.0000 0.6000 0.0000 0.0000
-18.9999 18.4724 0.0000 0.6000 0.0000 0.0000
-19.0499 18.4721 0.0000 0.6000 0.0000 0.0000
-19.0999 18.4717 0.0000 0.6000 0.0000 0.0000
-19.1499 18.4713 0.0000 0.6000 0.0000 0.0000
-19.1999 18.4710 0.0000 0.6000 0.0000 0.0000
-19.2499 18.4706 0.0000 0.6000 0.0000 0.0000
-19.2999 18.4702 0.0000 0.6000 0.0000 0.0000
-19.3499 18.4699 0.0000 0.6000 0.0000 0.0000
-19.3999 18.4695 0.0000 0.6000 0.0000 0.0000
-19.4499 18.4691 0.0000 0.6000 0.0000 0.0000
-19.4999 18.4688 0.0000 0.6000 0.0000 0.0000
-19.5499 18.4684 0.0000 0.6000 0.0000 0.0000
-19.5999 18.4680 0.0000 0.6000 0.0000 0.0000
-19.6499 18.4676 0.0000 0.6000 0.0000 0.0000
-19.6999 18.4673 0.0000 0.6000 0.0000 0.0000
-19.7499 18.4669 0.0000 0.6000 0.0000 0.0000
-19.7999 18.4665 0.0000 0.6000 0.0000 0.0000
-19.8499 18.4662 0.0000 0.6000 0.0000 0.0000
-19.8999 18.4658 0.0000 0.6000 0.0000 0.0000
-19.9499 18.4654 0.0000 0.6000 0.0000 0.0000
-19.9999 18.4651 0.0000 0.6000 0.0000 0.0000
-20.0499 18.4647 0.0000 0.6000 0.0000 0.0000
-20.0999 18.4643 0.0000 0.6000 0.0000 0.0000
-20.1499 18.4640 0.0000 0.6000 0.0000 0.0000
-20.1999 18.4636 0.0000 0.6000 0.0000 0.0000
-20.2499 18.4632 0.0000 0.6000 0.0000 0.0000
-20.2999 18.4629 0.0000 0.6000 0.0000 0.0000
-20.3499 18.4625 0.0000 0.6000 0.0000 0.0000
-20.3999 18.4621 0.0000 0.6000 0.0000 0.0000
-20.4499 18.4618 0.0000 0.6000 0.0000 0.0000
-20.4999 18.4614 0.0000 0.6000 0.0000 0.0000
-20.5499 18.4610 0.0000 0.6000 0.0000 0.0000
-20.5999 18.4607 0.0000 0.6000 0.0000 0.0000
-20.6499 18.4603 0.0000 0.6000 0.0000 0.0000
-20.6999 18.4599 0.0000 0.6000 0.0000 0.0000
-20.7499 18.4596 0.0000 0.6000 0.0000 0.0000
-20.7998 18.4592 0.0000 0.6000 0.0000 0.0000
-20.8498 18.4588 0.0000 0.6000 0.0000 0.0000
-20.8998 18.4585 0.0000 0.6000 0.0000 0.0000
-20.9498 18.4581 0.0000 0.6000 0.0000 0.0000
-20.9998 18.4577 0.0000 0.6000 0.0000 0.0000
-21.0498 18.4574 0.0000 0.6000 0.0000 0.0000
-21.0998 18.4570 0.0000 0.6000 0.0000 0.0000
-21.1498 18.4566 0.0000 0.6000 0.0000 0.0000
-21.1998 18.4563 0.0000 0.6000 0.0000 0.0000
-21.2498 18.4559 0.0000 0.6000 0.0000 0.0000
-21.2998 18.4555 0.0000 0.6000 0.0000 0.0000
-21.3498 18.4551 0.0000 0.6000 0.0000 0.0000
-21.3998 18.4548 0.0000 0.6000 0.0000 0.0000
-21.4498 18.4544 0.0000 0.6000 0.0000 0.0000
-21.4998 18.4540 0.0000 0.6000 0.0000 0.0000
-21.5498 18.4537 0.0000 0.6000 0.0000 0.0000
-21.5998 18.4533 0.0000 0.6000 0.0000 0.0000
-21.6498 18.4529 0.0000 0.6000 0.0000 0.0000
-21.6998 18.4526 0.0000 0.6000 0.0000 0.0000
-21.7498 18.4522 0.0000 0.6000 0.0000 0.0000
-21.7998 18.4518 0.0000 0.6000 0.0000 0.0000
-21.8498 18.4515 0.0000 0.6000 0.0000 0.0000
-21.8998 18.4511 0.0000 0.6000 0.0000 0.0000
-21.9498 18.4507 0.0000 0.6000 0.0000 0.0000
-21.9998 18.4504 0.0000 0.6000 0.0000 0.0000
-22.0498 18.4500 0.0000 0.6000 0.0000 0.0000
-22.0500 18.4500 0.0000 0.6000 0.0000 0.0000
-22.0903 18.4795 0.0000 0.6000 0.0000 0.0000
-22.1307 18.5091 0.0000 0.6000 0.0000 0.0000
-22.1710 18.5386 0.0000 0.6000 0.0000 0.0000
-22.2114 18.5682 0.0000 0.6000 0.0000 0.0000
-22.2517 18.5977 0.0000 0.6000 0.0000 0.0000
-22.2920 18.6273 0.0000 0.6000 0.0000 0.0000
-22.3324 18.6568 0.0000 0.6000 0.0000 0.0000
-22.3727 18.6863 0.0000 0.6000 0.0000 0.0000
-22.4130 18.7159 0.0000 0.6000 0.0000 0.0000
-22.4534 18.7454 0.0000 0.6000 0.0000 0.0000
-22.4937 18.7750 0.0000 0.6000 0.0000 0.0000
-22.5341 18.8045 0.0000 0.6000 0.0000 0.0000
-22.5744 18.8341 0.0000 0.6000 0.0000 0.0000
-22.6147 18.8636 0.0000 0.6000 0.0000 0.0000
-22.6551 18.8932 0.0000 0.6000 0.0000 0.0000
-22.6954 18.9227 0.0000 0.6000 0.0000 0.0000
-22.7358 18.9522 0.0000 0.6000 0.0000 0.0000
-22.7761 18.9818 0.0000 0.6000 0.0000 0.0000
-22.8164 19.0113 0.0000 0.6000 0.0000 0.0000
-22.8568 19.0409 0.0000 0.6000 0.0000 0.0000
-22.8971 19.0704 0.0000 0.6000 0.0000 0.0000
-22.9374 19.1000 0.0000 0.6000 0.0000 0.0000
-22.9778 19.1295 0.0000 0.6000 0.0000 0.0000
-23.0181 19.1590 0.0000 0.6000 0.0000 0.0000
-23.0585 19.1886 0.0000 0.6000 0.0000 0.0000
-23.0988 19.2181 0.0000 0.6000 0.0000 0.0000
-23.1391 19.2477 0.0000 0.6000 0.0000 0.0000
-23.1795 19.2772 0.0000 0.6000 0.0000 0.0000
-23.2198 19.3068 0.0000 0.6000 0.0000 0.0000
-23.2601 19.3363 0.0000 0.6000 0.0000 0.0000
-23.3005 19.3658 0.0000 0.6000 0.0000 0.0000
-23.3408 19.3954 0.0000 0.6000 0.0000 0.0000
-23.3812 19.4249 0.0000 0.6000 0.0000 0.0000
-23.4215 19.4545 0.0000 0.6000 0.0000 0.0000
-23.4618 19.4840 0.0000 0.6000 0.0000 0.0000
-23.5022 19.5136 0.0000 0.6000 0.0000 0.0000
-23.5425 19.5431 0.0000 0.6000 0.0000 0.0000
-23.5829 19.5727 0.0000 0.6000 0.0000 0.0000
-23.6232 19.6022 0.0000 0.6000 0.0000 0.0000
-23.6635 19.6317 0.0000 0.6000 0.0000 0.0000
-23.7039 19.6613 0.0000 0.6000 0.0000 0.0000
-23.7442 19.6908 0.0000 0.6000 0.0000 0.0000
-23.7845 19.7204 0.0000 0.6000 0.0000 0.0000
-23.8249 19.7499 0.0000 0.6000 0.0000 0.0000
-23.8652 19.7795 0.0000 0.6000 0.0000 0.0000
-23.9056 19.8090 0.0000 0.6000 0.0000 0.0000
-23.9459 19.8385 0.0000 0.6000 0.0000 0.0000
-23.9862 19.8681 0.0000 0.6000 0.0000 0.0000
-24.0266 19.8976 0.0000 0.6000 0.0000 0.0000
-24.0669 19.9272 0.0000 0.6000 0.0000 0.0000
-24.1073 19.9567 0.0000 0.6000 0.0000 0.0000
-24.1476 19.9863 0.0000 0.6000 0.0000 0.0000
-24.1879 20.0158 0.0000 0.6000 0.0000 0.0000
-24.2283 20.0454 0.0000 0.6000 0.0000 0.0000
-24.2686 20.0749 0.0000 0.6000 0.0000 0.0000
-24.3089 20.1044 0.0000 0.6000 0.0000 0.0000
-24.3493 20.1340 0.0000 0.6000 0.0000 0.0000
-24.3896 20.1635 0.0000 0.6000 0.0000 0.0000
-24.4300 20.1931 0.0000 0.6000 0.0000 0.0000
-24.4703 20.2226 0.0000 0.6000 0.0000 0.0000
-24.5106 20.2522 0.0000 0.6000 0.0000 0.0000
-24.5510 20.2817 0.0000 0.6000 0.0000 0.0000
-24.5913 20.3112 0.0000 0.6000 0.0000 0.0000
-24.6317 20.3408 0.0000 0.5900 0.0000 0.0000
-24.6720 20.3703 0.0000 0.5800 0.0000 0.0000
-24.7123 20.3999 0.0000 0.5700 0.0000 0.0000
-24.7527 20.4294 0.0000 0.5600 0.0000 0.0000
-24.7930 20.4590 0.0000 0.5500 0.0000 0.0000
-24.8333 20.4885 0.0000 0.5400 0.0000 0.0000
-24.8737 20.5180 0.0000 0.5300 0.0000 0.0000
-24.9140 20.5476 0.0000 0.5200 0.0000 0.0000
-24.9544 20.5771 0.0000 0.5100 0.0000 0.0000
-24.9947 20.6067 0.0000 0.5000 0.0000 0.0000
-25.0350 20.6362 0.0000 0.4900 0.0000 0.0000
-25.0754 20.6658 0.0000 0.4800 0.0000 0.0000
-25.1157 20.6953 0.0000 0.4700 0.0000 0.0000
-25.1560 20.7249 0.0000 0.4600 0.0000 0.0000
-25.1964 20.7544 0.0000 0.4500 0.0000 0.0000
-25.2367 20.7839 0.0000 0.4400 0.0000 0.0000
-25.2771 20.8135 0.0000 0.4300 0.0000 0.0000
-25.3174 20.8430 0.0000 0.4200 0.0000 0.0000
-25.3577 20.8726 0.0000 0.4100 0.0000 0.0000
-25.3981 20.9021 0.0000 0.4000 0.0000 0.0000
-25.4384 20.9317 0.0000 0.3900 0.0000 0.0000
-25.4788 20.9612 0.0000 0.3800 0.0000 0.0000
-25.5191 20.9907 0.0000 0.3700 0.0000 0.0000
-25.5594 21.0203 0.0000 0.3600 0.0000 0.0000
-25.5998 21.0498 0.0000 0.3500 0.0000 0.0000
-25.6000 21.0500 0.0000 0.3500 0.0000 0.0000
